

c ******************* 786 **************************** c

Ref: Bautista, M.A. \& Pradhan, A.K. 1995, "Photoionization of Neutral 
  Iron", J.Phys.B: Atom. Molec. Opt.  Phys. Letters  28, L173-L179

c **************************************************** c

File Contents:
-------------

  Fe I : Total Photoionization Cross Sections of the ground state 

Data Explanation:

line 1: zz=nuclear charge, nn=no of electrons in the residual ion,
    P=type of file "Photoionization"

Line : 2S+1, L, ip, ns -> 2S+1=Spin-multiplicity, L=total orbiatal angular
       momentum, ip(parity)=0 for even & 1 for odd), ns=energy position of
       the state in  the symmetry, SLpi
     e.g. 5 0 1 1 -> The first 5So of symmetry 5So

Line : nr, ntot, -> Ntot=total number of photon energy points

Line : BE, ac -> Binding energy (Ry), ac=internal number (ignore ac)

Lines, ntot in total: E=photon energy(Ry), sig(Mb)=photoionization
       cross section

-----------------------------------------------------------------------
   26   25    P
    5    2    0    1
   2889   2912
  5.699880E-01   1.0000
  5.699880E-01 8.278E-01
  5.701826E-01 7.771E-01
  5.703741E-01 7.291E-01
  5.705626E-01 6.831E-01
  5.707480E-01 6.386E-01
  5.709306E-01 5.951E-01
  5.711104E-01 5.523E-01
  5.712873E-01 5.096E-01
  5.714615E-01 4.664E-01
  5.716331E-01 4.221E-01
  5.718020E-01 3.752E-01
  5.719683E-01 3.236E-01
  5.721322E-01 2.624E-01
  5.722935E-01 1.800E-01
  5.724525E-01 6.461E-02
  5.726091E-01 7.527E+00
  5.727633E-01 7.511E-01
  5.729153E-01 4.598E-01
  5.730651E-01 3.512E-01
  5.732126E-01 2.853E-01
  5.733581E-01 2.366E-01
  5.735014E-01 1.968E-01
  5.736426E-01 1.629E-01
  5.737819E-01 1.333E-01
  5.739191E-01 1.073E-01
  5.740544E-01 8.475E-02
  5.741878E-01 6.572E-02
  5.743193E-01 5.050E-02
  5.744490E-01 3.957E-02
  5.745768E-01 3.372E-02
  5.747029E-01 3.401E-02
  5.748273E-01 4.201E-02
  5.749499E-01 6.003E-02
  5.750709E-01 9.168E-02
  5.751902E-01 1.432E-01
  5.753079E-01 2.267E-01
  5.754240E-01 3.729E-01
  5.755385E-01 7.435E-01
  5.756516E-01 1.349E+00
  5.757631E-01 6.348E+00
  5.758731E-01 2.153E+00
  5.759817E-01 3.791E+00
  5.760889E-01 1.272E+00
  5.761946E-01 1.177E+00
  5.762990E-01 1.420E+00
  5.764020E-01 1.839E+00
  5.765037E-01 2.432E+00
  5.766041E-01 3.247E+00
  5.767032E-01 4.362E+00
  5.768010E-01 5.906E+00
  5.768976E-01 8.064E+00
  5.769930E-01 1.111E+01
  5.770872E-01 1.542E+01
  5.771802E-01 2.140E+01
  5.772720E-01 2.921E+01
  5.773627E-01 3.811E+01
  5.774523E-01 4.537E+01
  5.775407E-01 4.685E+01
  5.776281E-01 4.222E+01
  5.777144E-01 2.213E+02
  5.777997E-01 2.491E+01
  5.778839E-01 1.697E+01
  5.779671E-01 1.142E+01
  5.780493E-01 6.844E+00
  5.781306E-01 2.499E+00
  5.782108E-01 2.370E+00
  5.782160E-01 2.879E+00
  5.794578E-01 7.634E+00
  5.806637E-01 6.651E+00
  5.818351E-01 7.821E+00
  5.829733E-01 8.258E+00
  5.840794E-01 7.075E+00
  5.851548E-01 5.771E+00
  5.862005E-01 4.813E+00
  5.872176E-01 4.137E+00
  5.882072E-01 3.643E+00
  5.882160E-01 3.639E+00
  5.891943E-01 3.256E+00
  5.901462E-01 2.950E+00
  5.910725E-01 2.696E+00
  5.919743E-01 2.478E+00
  5.928523E-01 2.284E+00
  5.937074E-01 2.107E+00
  5.945404E-01 1.938E+00
  5.953521E-01 1.773E+00
  5.961431E-01 1.604E+00
  5.969141E-01 1.423E+00
  5.976659E-01 1.217E+00
  5.983991E-01 9.653E-01
  5.991142E-01 6.320E-01
  5.998118E-01 2.557E-01
  6.004926E-01 1.018E+01
  6.011571E-01 2.909E+01
  6.018057E-01 1.042E+01
  6.024390E-01 4.541E+00
  6.030575E-01 3.299E+00
  6.036615E-01 2.743E+00
  6.042517E-01 2.415E+00
  6.048283E-01 2.190E+00
  6.053918E-01 2.021E+00
  6.059426E-01 1.885E+00
  6.064811E-01 1.771E+00
  6.070076E-01 1.672E+00
  6.075224E-01 1.583E+00
  6.080260E-01 1.501E+00
  6.085187E-01 1.424E+00
  6.090007E-01 1.349E+00
  6.094724E-01 1.276E+00
  6.099341E-01 1.201E+00
  6.103860E-01 1.123E+00
  6.108284E-01 1.039E+00
  6.112616E-01 9.447E-01
  6.116858E-01 8.331E-01
  6.121014E-01 6.924E-01
  6.125084E-01 5.016E-01
  6.129072E-01 2.475E-01
  6.132979E-01 2.717E+00
  6.136809E-01 1.870E+01
  6.140562E-01 9.408E+00
  6.144242E-01 3.170E+00
  6.147849E-01 2.257E+00
  6.151385E-01 1.876E+00
  6.154854E-01 1.657E+00
  6.158255E-01 1.510E+00
  6.161592E-01 1.400E+00
  6.164865E-01 1.312E+00
  6.168077E-01 1.239E+00
  6.171228E-01 1.175E+00
  6.174321E-01 1.117E+00
  6.177356E-01 1.063E+00
  6.180336E-01 1.012E+00
  6.183261E-01 9.623E-01
  6.186132E-01 9.130E-01
  6.188952E-01 8.627E-01
  6.191721E-01 8.102E-01
  6.194441E-01 7.535E-01
  6.197113E-01 6.901E-01
  6.199737E-01 6.158E-01
  6.202315E-01 5.236E-01
  6.204848E-01 4.011E-01
  6.207338E-01 2.353E-01
  6.209784E-01 6.886E-01
  6.212189E-01 7.311E+00
  6.214552E-01 9.886E+00
  6.216876E-01 2.295E+00
  6.219160E-01 1.578E+00
  6.221406E-01 1.292E+00
  6.223614E-01 1.130E+00
  6.225786E-01 1.020E+00
  6.227923E-01 9.366E-01
  6.230024E-01 8.689E-01
  6.232091E-01 8.107E-01
  6.234124E-01 7.585E-01
  6.236124E-01 7.103E-01
  6.238093E-01 6.647E-01
  6.240030E-01 6.204E-01
  6.241936E-01 5.767E-01
  6.243812E-01 5.330E-01
  6.245659E-01 4.885E-01
  6.247477E-01 4.428E-01
  6.249267E-01 3.951E-01
  6.251028E-01 3.447E-01
  6.252763E-01 2.912E-01
  6.254472E-01 2.339E-01
  6.256154E-01 1.742E-01
  6.257811E-01 1.245E-01
  6.259442E-01 2.989E-01
  6.261050E-01 2.499E+00
  6.262633E-01 4.704E+00
  6.264193E-01 9.384E-01
  6.265729E-01 7.095E-01
  6.267244E-01 9.802E-01
  6.268736E-01 1.739E+00
  6.270206E-01 2.744E+00
  6.271655E-01 3.173E+00
  6.273083E-01 2.503E+00
  6.274490E-01 2.822E+00
  6.275878E-01 2.443E+00
  6.277245E-01 2.185E+00
  6.278594E-01 2.080E+00
  6.279923E-01 2.045E+00
  6.281234E-01 2.129E+00
  6.282526E-01 2.345E+00
  6.283801E-01 2.709E+00
  6.285058E-01 3.190E+00
  6.286297E-01 3.658E+00
  6.287520E-01 3.878E+00
  6.288726E-01 3.698E+00
  6.289915E-01 3.185E+00
  6.291089E-01 2.499E+00
  6.292246E-01 1.719E+00
  6.293388E-01 8.978E-01
  6.294515E-01 8.598E+00
  6.295627E-01 9.236E+00
  6.296725E-01 7.027E+00
  6.297807E-01 4.870E+00
  6.298876E-01 3.735E+00
  6.299931E-01 3.112E+00
  6.300972E-01 2.713E+00
  6.301999E-01 2.430E+00
  6.303014E-01 2.216E+00
  6.304015E-01 2.045E+00
  6.305003E-01 1.905E+00
  6.305979E-01 1.785E+00
  6.306943E-01 1.680E+00
  6.307895E-01 1.587E+00
  6.308834E-01 1.502E+00
  6.309762E-01 1.423E+00
  6.310678E-01 1.346E+00
  6.311583E-01 1.272E+00
  6.312477E-01 1.196E+00
  6.313359E-01 1.116E+00
  6.314231E-01 1.027E+00
  6.315092E-01 9.233E-01
  6.315943E-01 7.913E-01
  6.316784E-01 6.075E-01
  6.317614E-01 3.662E-01
  6.318435E-01 8.266E+00
  6.319245E-01 1.722E+01
  6.320046E-01 4.968E+00
  6.320160E-01 2.070E+00
  6.330470E-01 1.883E+00
  6.340508E-01 1.744E+00
  6.350285E-01 1.626E+00
  6.359808E-01 1.514E+00
  6.369088E-01 1.386E+00
  6.378131E-01 1.195E+00
  6.386946E-01 2.907E+00
  6.395541E-01 2.761E+00
  6.403922E-01 1.579E+00
  6.412097E-01 1.421E+00
  6.420073E-01 1.327E+00
  6.420160E-01 1.326E+00
  6.428463E-01 1.250E+00
  6.436553E-01 1.185E+00
  6.444437E-01 1.127E+00
  6.452123E-01 1.075E+00
  6.459618E-01 1.029E+00
  6.466926E-01 9.913E-01
  6.474056E-01 9.658E-01
  6.481011E-01 9.630E-01
  6.487799E-01 1.009E+00
  6.494424E-01 1.189E+00
  6.500891E-01 3.639E+00
  6.507206E-01 2.101E+01
  6.513373E-01 4.179E+00
  6.519396E-01 5.583E+00
  6.525281E-01 9.353E+00
  6.531031E-01 2.537E+01
  6.536651E-01 6.935E+01
  6.542144E-01 3.557E+01
  6.547515E-01 1.581E+01
  6.552766E-01 9.277E+00
  6.557901E-01 6.449E+00
  6.562924E-01 4.957E+00
  6.567838E-01 4.059E+00
  6.572647E-01 3.467E+00
  6.577352E-01 3.050E+00
  6.581957E-01 2.739E+00
  6.586465E-01 2.497E+00
  6.590879E-01 2.301E+00
  6.595200E-01 2.137E+00
  6.599433E-01 1.993E+00
  6.603578E-01 1.862E+00
  6.607639E-01 1.735E+00
  6.611618E-01 1.601E+00
  6.615517E-01 1.443E+00
  6.619338E-01 1.223E+00
  6.623083E-01 2.898E+00
  6.626754E-01 2.779E+00
  6.630353E-01 4.793E+00
  6.633883E-01 2.891E+00
  6.637344E-01 2.358E+00
  6.640738E-01 2.119E+00
  6.644068E-01 1.980E+00
  6.647335E-01 1.886E+00
  6.650540E-01 1.817E+00
  6.653685E-01 1.763E+00
  6.656771E-01 1.719E+00
  6.659801E-01 1.682E+00
  6.662774E-01 1.651E+00
  6.665694E-01 1.623E+00
  6.668560E-01 1.598E+00
  6.671374E-01 1.575E+00
  6.674139E-01 1.553E+00
  6.676853E-01 1.531E+00
  6.679520E-01 1.509E+00
  6.682139E-01 1.485E+00
  6.684713E-01 1.458E+00
  6.687242E-01 1.424E+00
  6.689727E-01 1.380E+00
  6.692169E-01 1.315E+00
  6.694569E-01 1.207E+00
  6.696929E-01 1.288E+00
  6.699249E-01 2.502E+00
  6.701529E-01 4.815E+00
  6.703771E-01 2.686E+00
  6.705976E-01 2.210E+00
  6.708145E-01 2.032E+00
  6.710277E-01 1.943E+00
  6.712375E-01 1.892E+00
  6.714439E-01 1.860E+00
  6.716469E-01 1.840E+00
  6.718467E-01 1.828E+00
  6.720432E-01 1.820E+00
  6.722366E-01 1.816E+00
  6.724270E-01 1.815E+00
  6.726143E-01 1.816E+00
  6.727987E-01 1.817E+00
  6.729802E-01 1.820E+00
  6.731589E-01 1.823E+00
  6.733349E-01 1.826E+00
  6.735081E-01 1.827E+00
  6.736787E-01 1.826E+00
  6.738467E-01 1.820E+00
  6.740122E-01 1.807E+00
  6.741751E-01 1.779E+00
  6.743356E-01 1.720E+00
  6.744938E-01 1.680E+00
  6.746495E-01 3.028E+00
  6.748030E-01 5.637E+00
  6.749542E-01 3.220E+00
  6.751032E-01 2.711E+00
  6.752501E-01 2.557E+00
  6.753948E-01 2.499E+00
  6.755374E-01 2.479E+00
  6.756780E-01 2.479E+00
  6.758166E-01 2.492E+00
  6.759532E-01 2.513E+00
  6.760879E-01 2.540E+00
  6.762207E-01 2.574E+00
  6.763516E-01 2.612E+00
  6.764807E-01 2.654E+00
  6.766080E-01 2.702E+00
  6.767335E-01 2.754E+00
  6.768573E-01 2.811E+00
  6.769795E-01 2.873E+00
  6.770999E-01 2.940E+00
  6.772187E-01 3.012E+00
  6.773360E-01 3.090E+00
  6.774516E-01 3.173E+00
  6.775657E-01 3.257E+00
  6.776783E-01 3.334E+00
  6.777894E-01 3.413E+00
  6.778990E-01 5.109E+00
  6.780072E-01 7.448E+00
  6.781139E-01 5.602E+00
  6.782193E-01 5.267E+00
  6.783233E-01 5.458E+00
  6.784260E-01 5.853E+00
  6.785273E-01 6.431E+00
  6.786273E-01 7.239E+00
  6.787261E-01 8.388E+00
  6.788236E-01 1.009E+01
  6.789199E-01 1.275E+01
  6.790149E-01 1.728E+01
  6.791088E-01 2.581E+01
  6.792015E-01 4.338E+01
  6.792930E-01 7.336E+01
  6.793835E-01 7.057E+01
  6.794728E-01 3.477E+01
  6.795609E-01 1.647E+01
  6.796481E-01 9.017E+00
  6.797341E-01 5.673E+00
  6.798191E-01 3.996E+00
  6.799031E-01 3.074E+00
  6.799861E-01 2.528E+00
  6.800681E-01 2.172E+00
  6.801491E-01 1.913E+00
  6.802291E-01 3.919E+00
  6.802400E-01 2.309E+00
  6.806874E-01 2.259E+00
  6.811257E-01 2.445E+00
  6.815550E-01 2.669E+00
  6.819756E-01 2.901E+00
  6.823878E-01 3.138E+00
  6.827917E-01 3.380E+00
  6.831876E-01 3.630E+00
  6.835757E-01 3.891E+00
  6.839562E-01 4.164E+00
  6.843293E-01 4.452E+00
  6.846952E-01 4.756E+00
  6.850540E-01 5.079E+00
  6.854060E-01 5.421E+00
  6.857513E-01 5.785E+00
  6.860901E-01 6.173E+00
  6.864226E-01 6.586E+00
  6.867489E-01 7.027E+00
  6.870691E-01 7.496E+00
  6.873834E-01 7.997E+00
  6.876920E-01 8.531E+00
  6.879950E-01 9.100E+00
  6.882925E-01 9.707E+00
  6.885847E-01 1.035E+01
  6.888717E-01 1.104E+01
  6.891535E-01 1.177E+01
  6.894304E-01 1.255E+01
  6.897025E-01 1.338E+01
  6.899698E-01 1.425E+01
  6.902324E-01 1.518E+01
  6.902400E-01 1.521E+01
  6.905043E-01 1.621E+01
  6.907639E-01 1.727E+01
  6.910190E-01 1.838E+01
  6.912696E-01 1.956E+01
  6.915160E-01 2.078E+01
  6.917581E-01 2.206E+01
  6.919961E-01 2.338E+01
  6.922301E-01 2.475E+01
  6.924601E-01 2.615E+01
  6.926863E-01 2.759E+01
  6.929087E-01 2.904E+01
  6.931274E-01 3.051E+01
  6.933425E-01 3.198E+01
  6.935541E-01 3.344E+01
  6.937622E-01 3.487E+01
  6.939670E-01 3.629E+01
  6.941685E-01 3.772E+01
  6.943667E-01 3.939E+01
  6.945618E-01 4.296E+01
  6.947537E-01 5.082E+01
  6.949427E-01 4.543E+01
  6.951286E-01 4.466E+01
  6.953117E-01 4.583E+01
  6.954919E-01 4.602E+01
  6.956694E-01 4.493E+01
  6.958441E-01 4.493E+01
  6.960161E-01 4.491E+01
  6.961855E-01 4.478E+01
  6.963524E-01 4.452E+01
  6.965167E-01 4.414E+01
  6.966786E-01 4.362E+01
  6.968380E-01 4.298E+01
  6.969951E-01 4.222E+01
  6.971499E-01 4.132E+01
  6.973024E-01 4.028E+01
  6.974526E-01 3.908E+01
  6.976007E-01 3.767E+01
  6.977466E-01 3.595E+01
  6.978905E-01 3.375E+01
  6.980322E-01 3.062E+01
  6.981720E-01 2.566E+01
  6.983097E-01 1.472E+01
  6.984455E-01 2.543E+00
  6.985794E-01 3.944E+01
  6.987114E-01 4.319E+01
  6.988416E-01 4.122E+01
  6.989699E-01 3.926E+01
  6.990965E-01 3.760E+01
  6.992214E-01 3.619E+01
  6.993445E-01 3.495E+01
  6.994659E-01 3.383E+01
  6.995857E-01 3.281E+01
  6.997039E-01 3.187E+01
  6.998205E-01 3.099E+01
  6.999356E-01 3.016E+01
  7.000491E-01 2.938E+01
  7.001611E-01 2.864E+01
  7.002716E-01 2.794E+01
  7.003807E-01 2.727E+01
  7.004883E-01 2.663E+01
  7.005945E-01 2.602E+01
  7.006994E-01 2.543E+01
  7.008029E-01 2.487E+01
  7.009050E-01 2.433E+01
  7.010059E-01 2.381E+01
  7.011055E-01 2.332E+01
  7.012038E-01 2.284E+01
  7.013008E-01 2.238E+01
  7.013966E-01 2.194E+01
  7.014913E-01 2.151E+01
  7.015847E-01 2.110E+01
  7.016770E-01 2.071E+01
  7.017682E-01 2.032E+01
  7.018582E-01 1.996E+01
  7.019471E-01 1.960E+01
  7.020349E-01 1.926E+01
  7.021217E-01 1.893E+01
  7.022073E-01 1.861E+01
  7.022920E-01 1.830E+01
  7.023757E-01 1.800E+01
  7.024583E-01 1.771E+01
  7.025399E-01 1.743E+01
  7.026206E-01 1.716E+01
  7.027003E-01 1.689E+01
  7.027070E-01 1.687E+01
  7.031547E-01 1.548E+01
  7.035932E-01 1.426E+01
  7.040228E-01 1.317E+01
  7.044436E-01 1.219E+01
  7.048559E-01 1.130E+01
  7.052600E-01 1.048E+01
  7.056560E-01 9.712E+00
  7.060442E-01 8.974E+00
  7.064248E-01 8.248E+00
  7.067980E-01 7.552E+00
  7.071639E-01 7.532E+00
  7.075227E-01 7.305E+00
  7.078747E-01 1.711E+01
  7.082200E-01 1.790E+01
  7.085588E-01 1.145E+01
  7.088912E-01 9.540E+00
  7.092174E-01 8.542E+00
  7.095376E-01 7.969E+00
  7.098518E-01 8.479E+00
  7.101603E-01 1.263E+01
  7.104632E-01 8.915E+00
  7.107606E-01 1.182E+01
  7.110527E-01 7.561E+00
  7.113395E-01 6.988E+00
  7.116212E-01 6.662E+00
  7.118979E-01 6.421E+00
  7.121698E-01 6.226E+00
  7.124370E-01 6.064E+00
  7.126994E-01 5.927E+00
  7.127070E-01 5.923E+00
  7.129724E-01 5.803E+00
  7.132332E-01 5.702E+00
  7.134893E-01 5.617E+00
  7.137410E-01 5.548E+00
  7.139883E-01 5.494E+00
  7.142314E-01 5.456E+00
  7.144702E-01 5.435E+00
  7.147050E-01 5.434E+00
  7.149358E-01 5.458E+00
  7.151628E-01 5.516E+00
  7.153859E-01 5.632E+00
  7.156053E-01 5.880E+00
  7.158210E-01 6.700E+00
  7.160332E-01 6.355E+01
  7.162419E-01 5.112E+00
  7.164472E-01 5.578E+00
  7.166492E-01 6.065E+00
  7.168479E-01 6.683E+00
  7.170434E-01 7.379E+00
  7.172358E-01 7.775E+00
  7.174251E-01 7.694E+00
  7.176114E-01 7.557E+00
  7.177948E-01 7.656E+00
  7.179754E-01 8.053E+00
  7.181531E-01 8.807E+00
  7.183281E-01 1.008E+01
  7.185004E-01 1.224E+01
  7.186700E-01 1.613E+01
  7.188371E-01 2.319E+01
  7.190016E-01 3.102E+01
  7.191636E-01 2.386E+01
  7.193232E-01 1.228E+01
  7.194804E-01 7.222E+00
  7.196353E-01 5.511E+00
  7.197879E-01 5.904E+00
  7.199383E-01 3.784E+00
  7.200864E-01 3.334E+00
  7.202324E-01 3.521E+00
  7.203763E-01 3.695E+00
  7.205181E-01 3.887E+00
  7.206578E-01 4.161E+00
  7.207956E-01 5.740E+00
  7.209314E-01 6.188E+00
  7.210652E-01 4.275E+00
  7.211972E-01 4.218E+00
  7.213273E-01 5.551E+00
  7.214556E-01 5.266E+00
  7.215822E-01 5.404E+00
  7.217069E-01 5.603E+00
  7.218300E-01 5.829E+00
  7.219514E-01 6.074E+00
  7.220711E-01 6.337E+00
  7.221892E-01 6.617E+00
  7.223057E-01 6.914E+00
  7.224206E-01 7.230E+00
  7.225340E-01 7.565E+00
  7.226458E-01 7.920E+00
  7.227562E-01 8.297E+00
  7.228651E-01 8.697E+00
  7.229726E-01 9.121E+00
  7.230787E-01 9.572E+00
  7.231834E-01 1.005E+01
  7.232867E-01 1.055E+01
  7.233887E-01 1.109E+01
  7.234894E-01 1.166E+01
  7.235888E-01 1.226E+01
  7.236869E-01 1.290E+01
  7.237838E-01 1.357E+01
  7.238794E-01 1.427E+01
  7.239739E-01 1.502E+01
  7.240671E-01 1.581E+01
  7.241592E-01 1.663E+01
  7.242501E-01 1.750E+01
  7.243399E-01 1.840E+01
  7.244286E-01 1.934E+01
  7.245162E-01 2.033E+01
  7.246028E-01 2.134E+01
  7.246882E-01 2.240E+01
  7.247727E-01 2.348E+01
  7.248561E-01 2.460E+01
  7.249385E-01 2.574E+01
  7.250199E-01 2.691E+01
  7.251004E-01 2.809E+01
  7.251070E-01 2.819E+01
  7.254854E-01 3.405E+01
  7.258562E-01 3.992E+01
  7.262197E-01 4.514E+01
  7.265761E-01 4.771E+01
  7.269255E-01 4.563E+01
  7.272682E-01 4.292E+01
  7.276043E-01 4.408E+01
  7.279339E-01 4.359E+01
  7.282573E-01 3.623E+01
  7.285746E-01 2.811E+01
  7.288860E-01 2.220E+01
  7.291915E-01 1.819E+01
  7.294914E-01 1.547E+01
  7.297858E-01 1.369E+01
  7.300747E-01 1.274E+01
  7.303585E-01 9.778E+00
  7.306371E-01 7.170E+00
  7.309107E-01 6.653E+00
  7.311794E-01 5.640E+00
  7.314433E-01 5.778E+00
  7.317026E-01 1.772E+01
  7.319573E-01 5.661E+00
  7.322076E-01 4.637E+00
  7.324535E-01 3.943E+00
  7.326952E-01 3.615E+00
  7.329327E-01 3.287E+01
  7.331663E-01 7.937E+00
  7.333958E-01 6.844E+00
  7.336215E-01 5.015E+00
  7.338434E-01 5.309E+00
  7.340616E-01 4.572E+00
  7.342761E-01 4.210E+00
  7.344872E-01 3.967E+00
  7.346947E-01 3.794E+00
  7.348989E-01 3.676E+00
  7.350998E-01 3.621E+00
  7.351070E-01 3.620E+00
  7.353030E-01 3.668E+00
  7.354959E-01 3.979E+00
  7.356858E-01 5.598E+00
  7.358727E-01 7.962E+00
  7.360566E-01 5.064E+00
  7.362377E-01 4.863E+00
  7.364160E-01 5.484E+00
  7.365915E-01 6.847E+00
  7.367643E-01 9.451E+00
  7.369345E-01 1.455E+01
  7.371021E-01 2.497E+01
  7.372671E-01 4.548E+01
  7.374297E-01 7.000E+01
  7.375898E-01 6.359E+01
  7.377476E-01 4.280E+01
  7.379030E-01 2.810E+01
  7.380561E-01 1.925E+01
  7.382070E-01 1.313E+01
  7.383557E-01 7.102E+00
  7.385022E-01 3.039E+01
  7.386466E-01 1.508E+01
  7.387889E-01 1.177E+01
  7.389292E-01 1.019E+01
  7.390675E-01 9.169E+00
  7.392038E-01 8.439E+00
  7.393382E-01 7.891E+00
  7.394707E-01 7.468E+00
  7.396013E-01 7.139E+00
  7.397301E-01 6.884E+00
  7.398572E-01 6.695E+00
  7.399825E-01 6.571E+00
  7.401060E-01 6.534E+00
  7.402279E-01 6.480E+00
  7.403481E-01 7.138E+00
  7.404667E-01 1.172E+01
  7.405837E-01 4.694E+00
  7.406991E-01 5.409E+00
  7.408130E-01 3.564E+01
  7.409254E-01 4.863E+00
  7.410363E-01 4.996E+00
  7.411457E-01 1.913E+01
  7.412536E-01 5.401E+00
  7.413602E-01 5.443E+00
  7.414654E-01 5.540E+00
  7.415692E-01 5.672E+00
  7.416717E-01 5.845E+00
  7.417728E-01 6.070E+00
  7.418727E-01 6.364E+00
  7.419713E-01 6.750E+00
  7.420686E-01 7.263E+00
  7.421647E-01 7.950E+00
  7.422596E-01 8.876E+00
  7.423533E-01 1.013E+01
  7.424458E-01 1.179E+01
  7.425372E-01 1.393E+01
  7.426275E-01 1.646E+01
  7.427166E-01 1.899E+01
  7.428047E-01 2.085E+01
  7.428916E-01 2.145E+01
  7.429776E-01 2.076E+01
  7.430624E-01 1.930E+01
  7.431463E-01 1.762E+01
  7.432291E-01 1.606E+01
  7.433110E-01 1.474E+01
  7.433918E-01 1.369E+01
  7.434718E-01 1.286E+01
  7.434770E-01 1.281E+01
  7.435886E-01 1.198E+01
  7.436988E-01 1.142E+01
  7.438075E-01 1.107E+01
  7.439148E-01 1.089E+01
  7.440207E-01 1.085E+01
  7.441252E-01 1.092E+01
  7.442283E-01 1.110E+01
  7.443301E-01 1.140E+01
  7.444306E-01 1.181E+01
  7.445298E-01 1.237E+01
  7.446278E-01 1.309E+01
  7.447245E-01 1.403E+01
  7.448199E-01 1.528E+01
  7.449142E-01 1.697E+01
  7.450073E-01 1.937E+01
  7.450992E-01 2.305E+01
  7.451900E-01 2.938E+01
  7.452796E-01 4.259E+01
  7.453682E-01 5.994E+01
  7.454556E-01 3.671E+00
  7.455420E-01 3.748E+01
  7.456274E-01 1.877E+01
  7.457117E-01 8.053E+01
  7.457950E-01 3.477E+01
  7.458772E-01 3.687E+01
  7.459585E-01 2.065E+00
  7.460388E-01 4.650E+00
  7.461182E-01 2.151E+01
  7.461966E-01 1.672E+01
  7.462741E-01 2.023E+01
  7.463507E-01 2.621E+01
  7.464264E-01 3.453E+01
  7.465012E-01 4.571E+01
  7.465751E-01 6.033E+01
  7.466482E-01 7.814E+01
  7.467205E-01 9.661E+01
  7.467919E-01 1.101E+02
  7.468624E-01 1.127E+02
  7.469322E-01 1.041E+02
  7.470012E-01 8.944E+01
  7.470694E-01 7.406E+01
  7.471369E-01 6.071E+01
  7.472036E-01 5.000E+01
  7.472695E-01 4.168E+01
  7.473347E-01 3.525E+01
  7.473992E-01 3.026E+01
  7.474629E-01 2.635E+01
  7.475260E-01 2.325E+01
  7.475884E-01 2.076E+01
  7.476501E-01 1.873E+01
  7.477111E-01 1.706E+01
  7.477714E-01 1.567E+01
  7.478311E-01 1.450E+01
  7.478902E-01 1.350E+01
  7.479486E-01 1.265E+01
  7.480064E-01 1.191E+01
  7.480636E-01 1.127E+01
  7.481201E-01 1.070E+01
  7.481761E-01 1.020E+01
  7.482315E-01 9.750E+00
  7.482863E-01 9.341E+00
  7.483405E-01 8.968E+00
  7.483941E-01 8.620E+00
  7.484472E-01 8.292E+00
  7.484998E-01 7.976E+00
  7.485518E-01 7.661E+00
  7.486032E-01 7.335E+00
  7.486542E-01 6.978E+00
  7.487046E-01 6.549E+00
  7.487545E-01 5.943E+00
  7.488039E-01 4.779E+00
  7.488528E-01 1.635E+01
  7.489012E-01 1.083E+01
  7.489491E-01 5.354E+00
  7.489965E-01 3.820E+01
  7.490435E-01 1.196E+01
  7.490900E-01 9.727E+00
  7.491360E-01 8.856E+00
  7.491816E-01 8.361E+00
  7.492267E-01 8.013E+00
  7.492714E-01 7.637E+00
  7.493156E-01 8.518E+00
  7.493594E-01 7.858E+00
  7.494028E-01 7.745E+00
  7.494457E-01 7.725E+00
  7.494883E-01 7.778E+00
  7.495304E-01 7.913E+00
  7.495722E-01 8.153E+00
  7.496135E-01 8.543E+00
  7.496544E-01 9.155E+00
  7.496950E-01 1.012E+01
  7.497351E-01 1.165E+01
  7.497749E-01 1.417E+01
  7.498143E-01 1.852E+01
  7.498533E-01 2.642E+01
  7.498920E-01 4.131E+01
  7.499303E-01 6.791E+01
  7.499683E-01 9.860E+01
  7.500059E-01 9.884E+01
  7.500431E-01 7.343E+01
  7.500800E-01 5.150E+01
  7.501166E-01 3.781E+01
  7.501528E-01 2.948E+01
  7.501887E-01 2.419E+01
  7.502243E-01 2.065E+01
  7.502596E-01 1.817E+01
  7.502945E-01 1.637E+01
  7.503291E-01 1.500E+01
  7.503634E-01 1.395E+01
  7.503974E-01 1.311E+01
  7.504311E-01 1.244E+01
  7.504645E-01 1.188E+01
  7.504976E-01 1.141E+01
  7.505304E-01 1.102E+01
  7.505629E-01 1.069E+01
  7.505951E-01 1.040E+01
  7.506270E-01 1.015E+01
  7.506587E-01 9.948E+00
  7.506901E-01 9.783E+00
  7.507212E-01 9.673E+00
  7.507520E-01 9.667E+00
  7.507826E-01 9.986E+00
  7.508129E-01 1.298E+01
  7.508429E-01 3.000E+01
  7.508727E-01 9.276E+00
  7.509023E-01 8.580E+00
  7.509315E-01 8.352E+00
  7.509606E-01 8.200E+00
  7.509894E-01 8.067E+00
  7.510179E-01 7.937E+00
  7.510462E-01 7.803E+00
  7.510743E-01 7.658E+00
  7.511021E-01 7.495E+00
  7.511297E-01 7.303E+00
  7.511570E-01 7.063E+00
  7.511842E-01 6.739E+00
  7.512111E-01 6.234E+00
  7.512378E-01 2.117E+01
  7.512642E-01 2.374E+01
  7.512905E-01 1.392E+01
  7.513165E-01 9.572E+00
  7.513423E-01 3.413E+01
  7.513679E-01 1.084E+01
  7.513933E-01 9.699E+00
  7.514185E-01 8.356E+00
  7.514435E-01 8.317E+00
  7.514683E-01 8.280E+00
  7.514929E-01 8.242E+00
  7.515172E-01 8.205E+00
  7.515414E-01 8.167E+00
  7.515654E-01 8.127E+00
  7.515892E-01 8.082E+00
  7.516129E-01 8.025E+00
  7.516363E-01 7.934E+00
  7.516595E-01 7.624E+00
  7.516826E-01 8.632E+00
  7.517055E-01 8.196E+00
  7.517282E-01 8.098E+00
  7.517507E-01 8.043E+00
  7.517730E-01 8.003E+00
  7.517952E-01 7.969E+00
  7.518172E-01 7.939E+00
  7.518390E-01 7.911E+00
  7.518607E-01 7.885E+00
  7.518822E-01 7.861E+00
  7.519035E-01 7.837E+00
  7.519247E-01 7.815E+00
  7.519457E-01 7.793E+00
  7.519665E-01 7.771E+00
  7.519872E-01 7.751E+00
  7.520077E-01 7.730E+00
  7.520281E-01 7.710E+00
  7.520483E-01 7.691E+00
  7.520684E-01 7.672E+00
  7.520883E-01 7.653E+00
  7.521081E-01 7.634E+00
  7.521277E-01 7.616E+00
  7.521471E-01 7.598E+00
  7.521665E-01 7.581E+00
  7.521857E-01 7.563E+00
  7.522047E-01 7.546E+00
  7.522236E-01 7.529E+00
  7.522424E-01 7.512E+00
  7.522610E-01 7.496E+00
  7.522795E-01 7.479E+00
  7.522978E-01 7.463E+00
  7.523160E-01 7.447E+00
  7.523341E-01 7.431E+00
  7.523521E-01 7.415E+00
  7.523699E-01 7.400E+00
  7.523876E-01 7.384E+00
  7.524051E-01 7.369E+00
  7.524226E-01 7.353E+00
  7.524399E-01 7.338E+00
  7.524571E-01 7.323E+00
  7.524742E-01 7.308E+00
  7.524911E-01 7.292E+00
  7.525079E-01 7.277E+00
  7.525246E-01 7.262E+00
  7.525412E-01 7.248E+00
  7.525577E-01 7.233E+00
  7.525740E-01 7.218E+00
  7.525903E-01 7.203E+00
  7.526064E-01 7.188E+00
  7.526224E-01 7.173E+00
  7.526383E-01 7.158E+00
  7.526541E-01 7.144E+00
  7.526698E-01 7.129E+00
  7.526854E-01 7.114E+00
  7.527008E-01 7.099E+00
  7.527162E-01 7.084E+00
  7.527315E-01 7.069E+00
  7.527466E-01 7.054E+00
  7.527616E-01 7.038E+00
  7.527766E-01 7.023E+00
  7.527914E-01 7.008E+00
  7.528062E-01 6.992E+00
  7.528208E-01 6.977E+00
  7.528353E-01 6.961E+00
  7.528498E-01 6.945E+00
  7.528641E-01 6.930E+00
  7.528784E-01 6.914E+00
  7.528925E-01 6.898E+00
  7.529066E-01 6.882E+00
  7.529206E-01 6.866E+00
  7.529344E-01 6.851E+00
  7.529482E-01 6.837E+00
  7.529619E-01 6.824E+00
  7.529755E-01 6.814E+00
  7.529890E-01 6.812E+00
  7.530024E-01 6.831E+00
  7.530157E-01 6.931E+00
  7.530290E-01 7.846E+00
  7.530421E-01 7.118E+00
  7.530552E-01 6.639E+00
  7.530682E-01 6.578E+00
  7.530811E-01 6.544E+00
  7.530939E-01 6.513E+00
  7.531066E-01 6.480E+00
  7.531193E-01 6.443E+00
  7.531318E-01 6.401E+00
  7.531443E-01 6.354E+00
  7.531567E-01 6.298E+00
  7.531691E-01 6.232E+00
  7.531813E-01 6.148E+00
  7.531935E-01 6.038E+00
  7.532056E-01 5.887E+00
  7.532176E-01 5.705E+00
  7.532295E-01 6.545E+00
  7.532414E-01 9.059E+00
  7.532532E-01 7.567E+00
  7.532649E-01 7.013E+00
  7.532766E-01 6.735E+00
  7.532881E-01 6.554E+00
  7.532996E-01 6.413E+00
  7.533110E-01 6.289E+00
  7.533224E-01 6.171E+00
  7.533337E-01 6.051E+00
  7.533449E-01 5.922E+00
  7.533560E-01 5.778E+00
  7.533671E-01 5.612E+00
  7.533781E-01 5.413E+00
  7.533891E-01 5.165E+00
  7.533999E-01 4.842E+00
  7.534107E-01 4.388E+00
  7.534215E-01 3.532E+00
  7.534321E-01 3.166E+00
  7.534427E-01 5.126E+00
  7.534533E-01 2.681E+00
  7.534638E-01 2.766E+01
  7.534742E-01 2.298E+01
  7.534770E-01 1.855E+01
  7.535328E-01 8.939E+00
  7.535880E-01 7.940E+00
  7.536426E-01 7.541E+00
  7.536966E-01 7.313E+00
  7.537501E-01 7.159E+00
  7.538030E-01 7.043E+00
  7.538554E-01 6.950E+00
  7.539072E-01 6.871E+00
  7.539585E-01 6.801E+00
  7.540093E-01 6.739E+00
  7.540595E-01 6.682E+00
  7.541093E-01 6.629E+00
  7.541585E-01 6.580E+00
  7.542072E-01 6.532E+00
  7.542555E-01 6.487E+00
  7.543033E-01 6.443E+00
  7.543506E-01 6.401E+00
  7.543974E-01 6.360E+00
  7.544437E-01 6.319E+00
  7.544896E-01 6.279E+00
  7.545351E-01 6.239E+00
  7.545801E-01 6.198E+00
  7.546246E-01 6.154E+00
  7.546687E-01 6.104E+00
  7.547124E-01 6.023E+00
  7.547557E-01 4.076E+00
  7.547985E-01 6.152E+00
  7.548410E-01 6.067E+00
  7.548830E-01 6.018E+00
  7.549246E-01 5.978E+00
  7.549658E-01 5.942E+00
  7.550067E-01 5.907E+00
  7.550471E-01 5.874E+00
  7.550872E-01 5.842E+00
  7.551268E-01 5.810E+00
  7.551662E-01 5.779E+00
  7.552051E-01 5.749E+00
  7.552437E-01 5.719E+00
  7.552819E-01 5.689E+00
  7.553198E-01 5.659E+00
  7.553573E-01 5.630E+00
  7.553944E-01 5.601E+00
  7.554313E-01 5.572E+00
  7.554677E-01 5.543E+00
  7.555039E-01 5.515E+00
  7.555397E-01 5.486E+00
  7.555752E-01 5.457E+00
  7.556104E-01 5.427E+00
  7.556453E-01 5.396E+00
  7.556798E-01 5.363E+00
  7.557140E-01 5.324E+00
  7.557480E-01 5.266E+00
  7.557816E-01 5.029E+00
  7.558149E-01 5.446E+00
  7.558479E-01 5.326E+00
  7.558807E-01 5.277E+00
  7.559131E-01 5.242E+00
  7.559453E-01 5.211E+00
  7.559772E-01 5.182E+00
  7.560088E-01 5.155E+00
  7.560401E-01 5.128E+00
  7.560420E-01 5.126E+00
  7.560763E-01 5.098E+00
  7.561103E-01 5.070E+00
  7.561439E-01 5.042E+00
  7.561773E-01 5.014E+00
  7.562104E-01 4.987E+00
  7.562432E-01 4.960E+00
  7.562757E-01 4.933E+00
  7.563079E-01 4.906E+00
  7.563398E-01 4.878E+00
  7.563714E-01 4.851E+00
  7.564028E-01 4.824E+00
  7.564339E-01 4.796E+00
  7.564647E-01 4.768E+00
  7.564953E-01 4.737E+00
  7.565256E-01 4.705E+00
  7.565556E-01 4.664E+00
  7.565854E-01 4.593E+00
  7.566149E-01 8.945E+00
  7.566441E-01 4.729E+00
  7.566731E-01 4.658E+00
  7.567019E-01 4.617E+00
  7.567304E-01 4.585E+00
  7.567587E-01 4.556E+00
  7.567868E-01 4.529E+00
  7.568146E-01 4.503E+00
  7.568421E-01 4.477E+00
  7.568695E-01 4.452E+00
  7.568966E-01 4.428E+00
  7.569235E-01 4.404E+00
  7.569501E-01 4.381E+00
  7.569766E-01 4.359E+00
  7.570028E-01 4.337E+00
  7.570288E-01 4.316E+00
  7.570546E-01 4.295E+00
  7.570802E-01 4.276E+00
  7.571056E-01 4.258E+00
  7.571307E-01 4.242E+00
  7.571557E-01 4.227E+00
  7.571805E-01 4.214E+00
  7.572050E-01 4.202E+00
  7.572294E-01 4.188E+00
  7.572536E-01 4.149E+00
  7.572775E-01 8.472E+00
  7.573013E-01 4.379E+00
  7.573249E-01 4.374E+00
  7.573483E-01 4.422E+00
  7.573715E-01 4.504E+00
  7.573946E-01 4.628E+00
  7.574174E-01 4.809E+00
  7.574401E-01 5.069E+00
  7.574626E-01 5.449E+00
  7.574849E-01 6.013E+00
  7.575071E-01 6.876E+00
  7.575291E-01 8.244E+00
  7.575509E-01 1.053E+01
  7.575725E-01 1.461E+01
  7.575940E-01 2.255E+01
  7.576153E-01 3.950E+01
  7.576364E-01 7.613E+01
  7.576574E-01 1.212E+02
  7.576782E-01 1.013E+02
  7.576989E-01 6.079E+01
  7.577194E-01 3.802E+01
  7.577397E-01 2.635E+01
  7.577599E-01 1.987E+01
  7.577800E-01 1.594E+01
  7.577999E-01 1.335E+01
  7.578196E-01 1.627E+01
  7.578392E-01 1.051E+01
  7.578586E-01 9.522E+00
  7.578779E-01 8.778E+00
  7.578971E-01 8.193E+00
  7.579161E-01 7.720E+00
  7.579350E-01 7.331E+00
  7.579537E-01 7.005E+00
  7.579723E-01 6.728E+00
  7.579908E-01 6.487E+00
  7.580091E-01 6.247E+00
  7.580273E-01 6.082E+00
  7.580454E-01 5.915E+00
  7.580633E-01 5.762E+00
  7.580811E-01 5.619E+00
  7.580988E-01 5.484E+00
  7.581163E-01 5.378E+00
  7.581337E-01 7.631E+00
  7.581510E-01 5.787E+00
  7.581682E-01 5.426E+00
  7.581852E-01 5.430E+00
  7.582022E-01 6.018E+00
  7.582190E-01 1.586E+01
  7.582356E-01 1.167E+01
  7.582522E-01 4.746E+00
  7.582687E-01 6.395E+00
  7.582850E-01 2.129E+00
  7.583012E-01 2.367E+01
  7.583173E-01 7.993E+00
  7.583333E-01 6.559E+00
  7.583492E-01 6.006E+00
  7.583649E-01 5.700E+00
  7.583806E-01 5.499E+00
  7.583962E-01 5.354E+00
  7.584116E-01 5.241E+00
  7.584269E-01 5.148E+00
  7.584422E-01 5.071E+00
  7.584573E-01 5.004E+00
  7.584723E-01 4.944E+00
  7.584872E-01 4.891E+00
  7.585021E-01 4.843E+00
  7.585168E-01 4.798E+00
  7.585314E-01 4.757E+00
  7.585459E-01 4.717E+00
  7.585603E-01 4.680E+00
  7.585746E-01 4.644E+00
  7.585889E-01 4.608E+00
  7.586030E-01 4.570E+00
  7.586170E-01 4.525E+00
  7.586310E-01 4.448E+00
  7.586448E-01 9.693E+00
  7.586586E-01 4.597E+00
  7.586722E-01 4.523E+00
  7.586858E-01 4.484E+00
  7.586993E-01 4.453E+00
  7.587127E-01 4.427E+00
  7.587260E-01 4.402E+00
  7.587392E-01 4.380E+00
  7.587524E-01 4.358E+00
  7.587654E-01 4.338E+00
  7.587784E-01 4.318E+00
  7.587913E-01 4.299E+00
  7.588040E-01 4.280E+00
  7.588168E-01 4.262E+00
  7.588294E-01 4.244E+00
  7.588419E-01 4.226E+00
  7.588544E-01 4.209E+00
  7.588668E-01 4.191E+00
  7.588791E-01 4.174E+00
  7.588913E-01 4.157E+00
  7.589035E-01 4.138E+00
  7.589155E-01 4.119E+00
  7.589275E-01 4.096E+00
  7.589395E-01 4.066E+00
  7.589513E-01 4.004E+00
  7.589631E-01 9.248E+00
  7.589748E-01 4.172E+00
  7.589864E-01 4.110E+00
  7.589979E-01 4.081E+00
  7.590094E-01 4.060E+00
  7.590208E-01 4.043E+00
  7.590321E-01 4.027E+00
  7.590434E-01 4.013E+00
  7.590546E-01 3.999E+00
  7.590657E-01 3.986E+00
  7.590768E-01 3.974E+00
  7.590878E-01 3.961E+00
  7.590987E-01 3.949E+00
  7.591095E-01 3.937E+00
  7.591203E-01 3.926E+00
  7.591310E-01 3.914E+00
  7.591417E-01 3.903E+00
  7.591523E-01 3.891E+00
  7.591628E-01 3.880E+00
  7.591733E-01 3.868E+00
  7.591837E-01 3.856E+00
  7.591940E-01 3.842E+00
  7.592043E-01 3.825E+00
  7.592145E-01 3.802E+00
  7.592246E-01 3.748E+00
  7.592347E-01 8.958E+00
  7.592447E-01 3.918E+00
  7.592547E-01 3.864E+00
  7.592646E-01 3.841E+00
  7.592744E-01 3.827E+00
  7.592842E-01 3.817E+00
  7.592940E-01 3.808E+00
  7.593036E-01 3.801E+00
  7.593132E-01 3.796E+00
  7.593228E-01 3.791E+00
  7.593323E-01 3.787E+00
  7.593418E-01 3.785E+00
  7.593511E-01 3.784E+00
  7.593605E-01 3.784E+00
  7.593698E-01 3.786E+00
  7.593790E-01 3.789E+00
  7.593882E-01 3.794E+00
  7.593973E-01 3.802E+00
  7.594064E-01 3.812E+00
  7.594154E-01 3.826E+00
  7.594243E-01 3.845E+00
  7.594332E-01 3.871E+00
  7.594421E-01 3.908E+00
  7.594509E-01 3.975E+00
  7.594597E-01 4.217E+00
  7.594684E-01 8.725E+00
  7.594770E-01 3.944E+00
  7.594857E-01 4.009E+00
  7.594942E-01 4.086E+00
  7.595027E-01 4.175E+00
  7.595112E-01 4.280E+00
  7.595196E-01 4.407E+00
  7.595280E-01 4.561E+00
  7.595363E-01 4.749E+00
  7.595446E-01 4.982E+00
  7.595528E-01 5.269E+00
  7.595610E-01 5.626E+00
  7.595691E-01 6.066E+00
  7.595772E-01 6.608E+00
  7.595853E-01 7.264E+00
  7.595933E-01 8.037E+00
  7.596012E-01 8.906E+00
  7.596091E-01 9.806E+00
  7.596170E-01 1.062E+01
  7.596248E-01 1.117E+01
  7.596326E-01 1.131E+01
  7.596404E-01 1.094E+01
  7.596480E-01 1.006E+01
  7.596557E-01 8.621E+00
  7.596633E-01 6.323E+00
  7.596709E-01 8.523E+00
  7.596784E-01 1.097E+01
  7.596859E-01 1.090E+01
  7.596934E-01 9.621E+00
  7.597008E-01 8.672E+00
  7.597081E-01 7.961E+00
  7.597155E-01 7.407E+00
  7.597228E-01 6.961E+00
  7.597300E-01 6.595E+00
  7.597372E-01 6.289E+00
  7.597444E-01 6.029E+00
  7.597515E-01 5.806E+00
  7.597586E-01 5.612E+00
  7.597657E-01 5.443E+00
  7.597727E-01 5.293E+00
  7.597797E-01 5.160E+00
  7.597866E-01 5.039E+00
  7.597935E-01 4.929E+00
  7.598004E-01 4.828E+00
  7.598072E-01 4.731E+00
  7.598140E-01 4.638E+00
  7.598208E-01 4.543E+00
  7.598275E-01 4.438E+00
  7.598342E-01 4.300E+00
  7.598409E-01 4.040E+00
  7.598475E-01 8.344E+00
  7.598541E-01 5.219E+00
  7.598607E-01 4.713E+00
  7.598672E-01 4.548E+00
  7.598737E-01 4.452E+00
  7.598801E-01 4.383E+00
  7.598865E-01 4.328E+00
  7.598929E-01 4.282E+00
  7.598993E-01 4.241E+00
  7.599056E-01 4.204E+00
  7.599119E-01 4.170E+00
  7.599182E-01 4.139E+00
  7.599244E-01 4.109E+00
  7.599306E-01 4.081E+00
  7.599367E-01 4.055E+00
  7.599429E-01 4.029E+00
  7.599490E-01 4.005E+00
  7.599550E-01 3.980E+00
  7.599611E-01 3.956E+00
  7.599671E-01 3.931E+00
  7.599731E-01 3.904E+00
  7.599790E-01 3.875E+00
  7.599849E-01 3.837E+00
  7.599908E-01 3.781E+00
  7.599967E-01 3.653E+00
  7.600025E-01 8.184E+00
  7.600083E-01 4.168E+00
  7.600141E-01 3.990E+00
  7.600198E-01 3.927E+00
  7.600255E-01 3.890E+00
  7.600312E-01 3.863E+00
  7.600369E-01 3.842E+00
  7.600425E-01 3.823E+00
  7.600481E-01 3.806E+00
  7.600537E-01 3.791E+00
  7.600592E-01 3.776E+00
  7.600647E-01 3.763E+00
  7.600702E-01 3.749E+00
  7.600757E-01 3.737E+00
  7.600811E-01 3.724E+00
  7.600865E-01 3.712E+00
  7.600919E-01 3.699E+00
  7.600973E-01 3.687E+00
  7.601026E-01 3.674E+00
  7.601079E-01 3.660E+00
  7.601132E-01 3.644E+00
  7.601185E-01 3.626E+00
  7.601237E-01 3.602E+00
  7.601289E-01 3.563E+00
  7.601341E-01 3.467E+00
  7.601392E-01 8.041E+00
  7.601444E-01 3.839E+00
  7.601495E-01 3.724E+00
  7.601545E-01 3.682E+00
  7.601596E-01 3.658E+00
  7.601646E-01 3.640E+00
  7.601696E-01 3.626E+00
  7.601746E-01 3.614E+00
  7.601796E-01 3.603E+00
  7.601845E-01 3.593E+00
  7.601894E-01 3.584E+00
  7.601943E-01 3.575E+00
  7.601992E-01 3.566E+00
  7.602041E-01 3.558E+00
  7.602089E-01 3.549E+00
  7.602137E-01 3.541E+00
  7.602185E-01 3.532E+00
  7.602232E-01 3.523E+00
  7.602279E-01 3.514E+00
  7.602327E-01 3.504E+00
  7.602373E-01 3.492E+00
  7.602420E-01 3.478E+00
  7.602467E-01 3.459E+00
  7.602513E-01 3.426E+00
  7.602559E-01 3.342E+00
  7.602605E-01 7.922E+00
  7.602650E-01 3.662E+00
  7.602696E-01 3.568E+00
  7.602741E-01 3.534E+00
  7.602786E-01 3.515E+00
  7.602831E-01 3.501E+00
  7.602875E-01 3.490E+00
  7.602920E-01 3.480E+00
  7.602964E-01 3.472E+00
  7.603008E-01 3.464E+00
  7.603051E-01 3.457E+00
  7.603095E-01 3.450E+00
  7.603138E-01 3.443E+00
  7.603182E-01 3.437E+00
  7.603225E-01 3.430E+00
  7.603267E-01 3.423E+00
  7.603310E-01 3.416E+00
  7.603352E-01 3.409E+00
  7.603394E-01 3.401E+00
  7.603436E-01 3.393E+00
  7.603478E-01 3.383E+00
  7.603520E-01 3.371E+00
  7.603561E-01 3.354E+00
  7.603603E-01 3.324E+00
  7.603644E-01 3.247E+00
  7.603685E-01 7.848E+00
  7.603725E-01 3.541E+00
  7.603806E-01 3.428E+00
  7.604577E-01 3.242E+00
  7.604614E-01 3.168E+00
  7.604651E-01 7.902E+00
  7.604687E-01 3.449E+00
  7.604760E-01 3.343E+00
  7.605453E-01 3.171E+00
  7.605486E-01 3.098E+00
  7.605519E-01 8.436E+00
  7.605552E-01 3.373E+00
  7.605617E-01 3.271E+00
  7.606242E-01 3.107E+00
  7.606271E-01 3.034E+00
  7.606301E-01 1.113E+01
  7.606331E-01 3.308E+00
  7.606390E-01 3.208E+00
  7.606955E-01 3.045E+00
  7.606982E-01 2.969E+00
  7.607009E-01 1.139E+01
  7.607036E-01 3.249E+00
  7.607089E-01 3.148E+00
  7.607578E-01 3.006E+00
  7.607627E-01 2.896E+00
  7.607652E-01 7.469E+00
  7.607676E-01 3.192E+00
  7.607725E-01 3.086E+00
  7.608192E-01 2.884E+00
  7.608214E-01 2.785E+00
  7.608236E-01 5.850E+00
  7.608259E-01 3.125E+00
  7.608303E-01 3.002E+00
  7.608667E-01 2.763E+00
  7.608709E-01 2.687E+00
  7.608729E-01 2.610E+00
  7.608750E-01 2.397E+00
  7.608770E-01 4.627E+00
  7.608791E-01 2.986E+00
  7.608811E-01 2.822E+00
  7.608912E-01 2.461E+00
  7.608971E-01 2.193E+00
  7.608991E-01 2.169E+00
  7.609010E-01 2.630E+00
  7.609030E-01 4.618E+00
  7.609049E-01 5.847E+00
  7.609088E-01 4.683E+00
  7.609107E-01 4.352E+00
  7.609127E-01 4.268E+00
  7.609146E-01 5.005E+00
  7.609165E-01 2.030E+01
  7.609184E-01 5.581E+00
  7.609203E-01 4.154E+00
  7.609222E-01 3.806E+00
  7.609259E-01 3.557E+00
  7.609278E-01 3.570E+00
  7.609297E-01 3.452E+00
  7.609443E-01 3.252E+00
  7.609691E-01 3.079E+00
  7.609708E-01 2.416E+00
  7.609725E-01 3.194E+00
  7.609827E-01 3.104E+00
  7.610089E-01 3.012E+00
  7.610105E-01 2.974E+00
  7.610121E-01 2.120E+00
  7.610136E-01 3.126E+00
  7.610215E-01 3.042E+00
  7.610472E-01 2.959E+00
  7.610501E-01 2.812E+00
  7.610516E-01 3.085E+00
  7.610574E-01 3.004E+00
  7.610826E-01 2.921E+00
  7.610839E-01 2.877E+00
  7.610853E-01 4.007E+00
  7.610866E-01 3.054E+00
  7.610920E-01 2.971E+00
  7.611153E-01 2.891E+00
  7.611166E-01 2.845E+00
  7.611178E-01 5.130E+00
  7.611191E-01 3.027E+00
  7.611240E-01 2.944E+00
  7.611457E-01 2.865E+00
  7.611469E-01 2.819E+00
  7.611480E-01 5.975E+00
  7.611492E-01 3.003E+00
  7.611527E-01 2.926E+00
  7.611739E-01 2.842E+00
  7.611750E-01 2.795E+00
  7.611761E-01 6.561E+00
  7.611772E-01 2.982E+00
  7.611804E-01 2.904E+00
  7.612002E-01 2.821E+00
  7.612012E-01 2.774E+00
  7.612022E-01 6.960E+00
  7.612032E-01 2.963E+00
  7.612062E-01 2.885E+00
  7.612247E-01 2.802E+00
  7.612256E-01 2.755E+00
  7.612266E-01 7.233E+00
  7.612275E-01 2.945E+00
  7.612303E-01 2.867E+00
  7.612476E-01 2.785E+00
  7.612485E-01 2.738E+00
  7.612493E-01 7.423E+00
  7.612502E-01 2.928E+00
  7.612528E-01 2.850E+00
  7.612690E-01 2.769E+00
  7.612698E-01 2.721E+00
  7.612706E-01 7.558E+00
  7.612715E-01 2.912E+00
  7.612739E-01 2.834E+00
  7.612890E-01 2.754E+00
  7.612898E-01 2.706E+00
  7.612906E-01 7.657E+00
  7.612914E-01 2.897E+00
  7.612937E-01 2.819E+00
  7.613078E-01 2.740E+00
  7.613086E-01 2.692E+00
  7.613093E-01 7.734E+00
  7.613100E-01 2.883E+00
  7.613122E-01 2.805E+00
  7.613255E-01 2.727E+00
  7.613262E-01 2.679E+00
  7.613269E-01 7.803E+00
  7.613275E-01 2.870E+00
  7.613296E-01 2.793E+00
  7.613421E-01 2.715E+00
  7.613428E-01 2.668E+00
  7.613434E-01 7.897E+00
  7.613440E-01 2.857E+00
  7.613466E-01 2.775E+00
  7.613578E-01 2.705E+00
  7.613584E-01 2.657E+00
  7.613590E-01 8.148E+00
  7.613596E-01 2.846E+00
  7.613614E-01 2.770E+00
  7.613725E-01 2.697E+00
  7.613731E-01 2.650E+00
  7.613736E-01 1.094E+01
  7.613742E-01 2.837E+00
  7.613759E-01 2.763E+00
  7.613864E-01 2.695E+00
  7.613870E-01 2.649E+00
  7.613875E-01 9.474E+00
  7.613880E-01 2.834E+00
  7.613902E-01 2.758E+00
  7.614850E-01 2.846E+00
  7.615721E-01 2.217E+00
  7.616583E-01 2.972E+00
  7.617440E-01 2.721E+00
  7.620579E-01 2.458E+00
  7.622605E-01 2.355E+00
  7.623599E-01 2.375E+00
  7.624580E-01 2.692E+00
  7.625549E-01 5.998E+00
  7.626506E-01 8.964E+01
  7.627451E-01 7.179E+00
  7.628384E-01 4.157E+00
  7.629306E-01 3.382E+00
  7.630216E-01 8.085E+01
  7.631115E-01 2.784E+00
  7.632004E-01 2.619E+00
  7.634604E-01 2.351E+00
  7.637929E-01 2.110E+00
  7.638735E-01 2.110E+00
  7.639533E-01 1.626E+00
  7.640320E-01 2.209E+00
  7.640340E-01 2.096E+00
  7.657077E-01 1.473E+00
  7.658244E-01 1.505E+00
  7.659396E-01 2.320E+00
  7.660532E-01 3.677E+01
  7.661652E-01 2.873E+00
  7.662758E-01 2.100E+00
  7.663850E-01 1.758E+00
  7.664927E-01 1.607E+00
  7.667039E-01 1.462E+00
  7.672085E-01 1.274E+00
  7.680397E-01 1.065E+00
  7.682122E-01 1.054E+00
  7.682968E-01 1.122E+00
  7.683804E-01 1.772E+00
  7.684631E-01 8.677E+01
  7.685447E-01 2.205E+00
  7.686253E-01 1.470E+00
  7.687050E-01 1.265E+00
  7.687838E-01 1.136E+00
  7.689385E-01 1.049E+00
  7.692373E-01 9.751E-01
  7.697281E-01 9.297E-01
  7.699916E-01 9.544E-01
  7.700556E-01 9.905E-01
  7.701189E-01 1.101E+00
  7.701816E-01 1.738E+00
  7.702435E-01 1.511E+02
  7.703048E-01 2.146E+00
  7.703654E-01 1.374E+00
  7.704254E-01 1.208E+00
  7.704847E-01 1.097E+00
  7.706015E-01 1.081E+00
  7.708276E-01 1.151E+00
  7.709910E-01 1.256E+00
  7.711493E-01 1.420E+00
  7.712522E-01 1.581E+00
  7.713530E-01 1.814E+00
  7.714026E-01 1.976E+00
  7.714517E-01 2.194E+00
  7.715004E-01 2.539E+00
  7.715485E-01 3.484E+00
  7.715961E-01 6.781E+01
  7.716433E-01 4.833E+00
  7.716900E-01 4.401E+00
  7.717363E-01 4.354E+00
  7.718723E-01 7.285E+00
  7.719167E-01 7.711E+00
  7.719607E-01 7.356E+00
  7.720043E-01 6.375E+00
  7.720475E-01 5.223E+00
  7.720902E-01 4.222E+00
  7.721326E-01 3.464E+00
  7.721745E-01 2.925E+00
  7.722160E-01 2.552E+00
  7.722571E-01 2.298E+00
  7.722979E-01 2.130E+00
  7.723382E-01 2.022E+00
  7.724178E-01 1.936E+00
  7.724959E-01 1.983E+00
  7.725344E-01 2.074E+00
  7.725725E-01 2.288E+00
  7.726103E-01 3.154E+00
  7.726477E-01 3.661E+01
  7.726848E-01 4.553E+00
  7.727216E-01 2.884E+00
  7.727580E-01 4.732E+00
  7.727940E-01 2.768E+00
  7.728298E-01 2.899E+00
  7.728652E-01 3.108E+00
  7.729003E-01 3.402E+00
  7.729351E-01 3.827E+00
  7.729696E-01 4.490E+00
  7.730037E-01 5.691E+00
  7.730376E-01 8.513E+00
  7.730711E-01 1.809E+01
  7.731044E-01 6.903E+00
  7.731373E-01 7.580E-01
  7.731700E-01 8.353E-01
  7.732024E-01 1.229E+00
  7.732345E-01 1.582E+00
  7.732978E-01 2.154E+00
  7.733908E-01 2.929E+00
  7.734213E-01 3.314E+00
  7.734515E-01 4.355E+00
  7.734814E-01 2.488E+01
  7.735111E-01 7.382E+00
  7.735405E-01 4.782E+00
  7.735697E-01 1.211E+01
  7.735986E-01 4.521E+00
  7.736839E-01 5.086E+00
  7.738215E-01 6.360E+00
  7.739791E-01 8.259E+00
  7.740299E-01 8.998E+00
  7.740340E-01 1.046E+01
  7.743649E-01 1.668E+01
  7.746898E-01 2.344E+01
  7.750088E-01 2.512E+01
  7.756295E-01 1.899E+01
  7.759315E-01 1.719E+01
  7.762281E-01 1.461E+01
  7.765195E-01 1.166E+01
  7.768058E-01 9.493E+00
  7.770871E-01 8.056E+00
  7.773635E-01 7.088E+00
  7.776351E-01 6.409E+00
  7.781645E-01 5.548E+00
  7.789414E-01 4.839E+00
  7.799422E-01 4.139E+00
  7.801818E-01 3.838E+00
  7.804172E-01 5.262E+00
  7.806487E-01 5.424E+00
  7.808763E-01 4.427E+00
  7.811001E-01 4.115E+00
  7.817494E-01 3.586E+00
  7.827629E-01 2.993E+00
  7.836983E-01 2.630E+00
  7.850513E-01 2.370E+00
  7.852092E-01 2.561E+00
  7.853647E-01 2.621E+00
  7.855179E-01 2.495E+00
  7.868007E-01 2.356E+00
  7.870640E-01 2.520E+00
  7.871929E-01 2.399E+00
  7.874454E-01 2.457E+00
  7.879299E-01 2.205E+00
  7.883888E-01 2.086E+00
  7.884997E-01 2.093E+00
  7.886092E-01 2.219E+00
  7.887172E-01 2.122E+00
  7.890330E-01 2.280E+00
  7.892367E-01 2.438E+00
  7.893366E-01 2.372E+00
  7.894352E-01 2.102E+00
  7.895326E-01 2.068E+00
  7.899100E-01 2.634E+00
  7.900015E-01 3.462E+00
  7.900918E-01 2.648E+00
  7.902690E-01 2.878E+00
  7.907756E-01 3.264E+00
  7.908565E-01 3.395E+00
  7.909364E-01 4.327E+00
  7.909430E-01 3.374E+00
  7.921389E-01 3.893E+00
  7.938412E-01 4.274E+00
  7.959745E-01 4.375E+00
  7.993481E-01 4.072E+00
  8.062990E-01 3.241E+00
  8.068872E-01 3.329E+00
  8.074619E-01 3.663E+00
  8.080237E-01 3.686E+00
  8.091096E-01 3.291E+00
  8.106501E-01 2.928E+00
  8.111414E-01 3.092E+00
  8.116221E-01 3.180E+00
  8.120925E-01 2.964E+00
  8.151211E-01 2.722E+00
  8.155190E-01 2.730E+00
  8.159089E-01 2.805E+00
  8.166746E-01 3.122E+00
  8.170428E-01 3.195E+00
  8.238414E-01 2.663E+00
  8.240779E-01 3.277E+00
  8.243103E-01 2.730E+00
  8.245389E-01 2.673E+00
  8.304842E-01 2.329E+00
  8.314975E-01 2.331E+00
  8.316165E-01 2.403E+00
  8.317339E-01 2.300E+00
  8.318497E-01 2.365E+00
  8.319639E-01 2.363E+00
  8.320766E-01 2.769E+00
  8.321878E-01 2.396E+00
  8.331255E-01 2.598E+00
  8.343036E-01 2.921E+00
  8.351960E-01 2.962E+00
  8.364007E-01 2.813E+00
  8.365625E-01 2.750E+00
  8.367219E-01 2.889E+00
  8.368789E-01 2.925E+00
  8.370335E-01 2.774E+00
  8.399286E-01 2.276E+00
  8.400403E-01 2.422E+00
  8.401506E-01 2.793E+00
  8.402594E-01 2.321E+00
  8.423313E-01 2.172E+00
  8.424127E-01 2.294E+00
  8.425725E-01 2.199E+00
  8.463176E-01 2.071E+00
  8.473062E-01 2.138E+00
  8.478212E-01 2.297E+00
  8.482308E-01 2.479E+00
  8.484889E-01 2.421E+00
  8.489723E-01 2.182E+00
  8.496241E-01 2.090E+00
  8.529894E-01 1.980E+00
  8.543843E-01 2.169E+00
  8.551334E-01 2.223E+00
  8.561273E-01 2.612E+00
  8.565013E-01 2.574E+00
  8.577126E-01 2.126E+00
  8.588901E-01 1.902E+00
  8.609970E-01 1.698E+00
  8.626097E-01 1.643E+00
  8.658554E-01 1.835E+00
  8.663335E-01 1.954E+00
  8.671298E-01 2.210E+00
  8.675160E-01 2.251E+00
  8.678946E-01 2.209E+00
  8.689862E-01 1.932E+00
  8.693360E-01 1.886E+00
  8.696791E-01 1.887E+00
  8.709875E-01 2.096E+00
  8.719112E-01 2.068E+00
  8.762794E-01 1.478E+00
  8.764986E-01 1.484E+00
  8.767141E-01 1.523E+00
  8.775418E-01 1.831E+00
  8.781282E-01 1.879E+00
  8.823516E-01 1.645E+00
  8.835445E-01 1.660E+00
  8.841871E-01 1.756E+00
  8.850623E-01 2.082E+00
  8.851535E-01 2.083E+00
  8.853326E-01 1.928E+00
  8.858444E-01 2.018E+00
  8.863069E-01 1.968E+00
  8.873206E-01 1.769E+00
  8.878907E-01 1.738E+00
  8.884342E-01 1.825E+00
  8.889529E-01 1.972E+00
  8.891205E-01 2.094E+00
  8.892856E-01 2.143E+00
  8.894481E-01 2.028E+00
  8.900745E-01 1.856E+00
  8.912217E-01 1.724E+00
  8.916190E-01 1.735E+00
  8.919998E-01 1.880E+00
  8.921232E-01 1.896E+00
  8.923651E-01 1.845E+00
  8.924836E-01 1.849E+00
  8.926004E-01 1.914E+00
  8.928294E-01 2.316E+00
  8.929417E-01 2.225E+00
  8.930524E-01 2.039E+00
  8.931616E-01 1.923E+00
  8.933759E-01 1.824E+00
  8.935845E-01 1.816E+00
  8.936869E-01 1.858E+00
  8.937878E-01 2.004E+00
  8.938875E-01 2.623E+00
  8.939860E-01 2.611E+00
  8.940831E-01 1.875E+00
  8.941791E-01 1.734E+00
  8.943673E-01 1.689E+00
  8.948178E-01 1.761E+00
  8.952413E-01 1.646E+00
  8.960940E-01 1.604E+00
  8.968429E-01 1.648E+00
  8.972000E-01 1.746E+00
  8.973744E-01 1.856E+00
  8.975462E-01 2.046E+00
  8.977153E-01 2.312E+00
  8.978819E-01 2.507E+00
  8.980459E-01 2.447E+00
  8.983666E-01 2.042E+00
  8.985234E-01 2.086E+00
  8.986779E-01 1.978E+00
  8.988300E-01 1.985E+00
  8.989800E-01 2.078E+00
  8.991277E-01 1.884E+00
  8.992733E-01 1.754E+00
  9.001041E-01 1.763E+00
  9.003657E-01 1.849E+00
  9.006200E-01 2.013E+00
  9.009884E-01 2.468E+00
  9.011079E-01 2.548E+00
  9.012257E-01 2.470E+00
  9.015699E-01 2.079E+00
  9.019005E-01 1.863E+00
  9.023214E-01 1.726E+00
  9.025237E-01 1.714E+00
  9.027210E-01 1.788E+00
  9.029132E-01 1.930E+00
  9.030075E-01 1.959E+00
  9.031926E-01 1.936E+00
  9.032834E-01 1.961E+00
  9.033731E-01 2.128E+00
  9.034617E-01 2.154E+00
  9.035492E-01 1.914E+00
  9.036357E-01 1.796E+00
  9.038054E-01 1.730E+00
  9.043682E-01 1.705E+00
  9.046695E-01 1.778E+00
  9.048864E-01 1.952E+00
  9.049570E-01 1.918E+00
  9.050959E-01 1.738E+00
  9.052317E-01 1.668E+00
  9.054350E-01 1.685E+00
  9.066015E-01 1.931E+00
  9.068166E-01 1.814E+00
  9.070261E-01 1.824E+00
  9.073304E-01 1.962E+00
  9.075268E-01 2.131E+00
  9.077183E-01 2.471E+00
  9.078123E-01 2.488E+00
  9.079966E-01 2.339E+00
  9.082647E-01 2.326E+00
  9.085231E-01 2.425E+00
  9.086902E-01 2.529E+00
  9.087722E-01 2.641E+00
  9.088532E-01 2.887E+00
  9.089333E-01 2.561E+00
  9.090907E-01 2.563E+00
  9.093198E-01 2.690E+00
  9.094682E-01 2.879E+00
  9.096131E-01 3.128E+00
  9.100285E-01 3.360E+00
  9.101609E-01 3.234E+00
  9.103539E-01 2.951E+00
  9.104791E-01 2.880E+00
  9.106015E-01 2.904E+00
  9.106618E-01 3.055E+00
  9.107803E-01 2.981E+00
  9.116433E-01 3.190E+00
  9.127412E-01 3.707E+00
  9.136703E-01 4.412E+00
  9.141560E-01 4.935E+00
  9.146818E-01 5.685E+00
  9.151963E-01 6.692E+00
  9.156998E-01 8.115E+00
  9.161926E-01 1.040E+01
  9.166750E-01 1.492E+01
  9.171472E-01 2.176E+01
  9.176097E-01 2.932E+01
  9.180626E-01 3.904E+01
  9.185061E-01 4.594E+01
  9.189450E-01 3.116E+01
  9.193847E-01 4.462E+01
  9.198153E-01 3.451E+01
  9.202369E-01 2.670E+01
  9.206500E-01 2.280E+01
  9.210546E-01 2.230E+01
  9.218396E-01 2.971E+01
  9.222203E-01 2.957E+01
  9.225935E-01 3.235E+01
  9.233181E-01 4.121E+01
  9.236698E-01 4.413E+01
  9.240148E-01 4.449E+01
  9.243531E-01 4.217E+01
  9.246850E-01 3.804E+01
  9.253301E-01 2.850E+01
  9.256436E-01 2.433E+01
  9.259513E-01 2.090E+01
  9.262533E-01 1.847E+01
  9.271266E-01 1.349E+01
  9.279535E-01 9.807E+00
  9.282194E-01 8.878E+00
  9.284806E-01 8.236E+00
  9.287372E-01 7.899E+00
  9.292372E-01 6.873E+00
  9.299554E-01 5.966E+00
  9.301868E-01 5.813E+00
  9.304142E-01 5.781E+00
  9.306379E-01 5.557E+00
  9.310741E-01 4.676E+00
  9.317019E-01 4.377E+00
  9.324927E-01 4.279E+00
  9.328695E-01 4.536E+00
  9.330535E-01 4.796E+00
  9.332346E-01 5.181E+00
  9.334129E-01 5.745E+00
  9.335884E-01 6.577E+00
  9.337613E-01 7.817E+00
  9.339315E-01 9.757E+00
  9.340991E-01 1.266E+01
  9.342642E-01 1.707E+01
  9.344268E-01 2.488E+01
  9.345870E-01 3.820E+01
  9.347448E-01 5.236E+01
  9.349002E-01 5.432E+01
  9.350534E-01 4.280E+01
  9.352043E-01 3.019E+01
  9.353530E-01 2.096E+01
  9.354995E-01 1.445E+01
  9.356439E-01 1.069E+01
  9.357863E-01 9.112E+00
  9.359266E-01 8.092E+00
  9.360649E-01 7.252E+00
  9.362013E-01 6.598E+00
  9.363357E-01 6.212E+00
  9.364682E-01 6.248E+00
  9.365989E-01 5.554E+00
  9.367277E-01 5.971E+00
  9.368548E-01 6.227E+00
  9.371037E-01 5.045E+00
  9.373459E-01 4.242E+00
  9.374645E-01 3.925E+00
  9.375815E-01 3.500E+00
  9.376970E-01 3.757E+00
  9.378109E-01 3.530E+00
  9.381436E-01 3.227E+00
  9.382516E-01 3.196E+00
  9.383582E-01 3.299E+00
  9.384634E-01 3.598E+00
  9.385672E-01 3.993E+00
  9.388708E-01 3.834E+00
  9.392578E-01 3.154E+00
  9.395355E-01 2.943E+00
  9.396258E-01 2.951E+00
  9.397149E-01 3.051E+00
  9.398030E-01 3.310E+00
  9.398900E-01 3.817E+00
  9.399759E-01 4.495E+00
  9.400608E-01 4.932E+00
  9.401447E-01 5.079E+00
  9.402276E-01 5.455E+00
  9.403094E-01 8.924E+00
  9.403903E-01 5.636E+00
  9.404703E-01 4.577E+00
  9.404790E-01 6.927E+00
  9.406714E-01 4.134E+00
  9.408608E-01 3.379E+00
  9.410472E-01 3.243E+00
  9.414114E-01 3.085E+00
  9.415892E-01 2.917E+00
  9.421065E-01 2.209E+00
  9.424385E-01 1.940E+00
  9.426007E-01 1.863E+00
  9.427605E-01 1.837E+00
  9.433763E-01 1.946E+00
  9.438150E-01 1.888E+00
  9.442350E-01 1.947E+00
  9.445052E-01 2.045E+00
  9.446375E-01 1.868E+00
  9.448965E-01 1.807E+00
  9.456317E-01 1.792E+00
  9.466287E-01 1.645E+00
  9.470354E-01 1.622E+00
  9.472310E-01 1.557E+00
  9.483899E-01 1.571E+00
  9.484717E-01 1.590E+00
  9.485524E-01 1.644E+00
  9.486323E-01 1.747E+00
  9.487111E-01 1.794E+00
  9.490174E-01 1.721E+00
  9.493098E-01 1.740E+00
  9.497240E-01 1.975E+00
  9.499849E-01 1.969E+00
  9.501732E-01 1.855E+00
  9.502953E-01 1.736E+00
  9.504148E-01 1.724E+00
  9.504790E-01 1.749E+00
  9.532811E-01 1.528E+00
  9.535103E-01 1.483E+00
  9.537356E-01 1.491E+00
  9.548077E-01 1.330E+00
  9.550117E-01 1.327E+00
  9.557954E-01 1.583E+00
  9.559836E-01 1.616E+00
  9.586370E-01 1.305E+00
  9.592090E-01 1.200E+00
  9.593469E-01 1.203E+00
  9.596169E-01 1.320E+00
  9.598793E-01 1.483E+00
  9.600077E-01 1.510E+00
  9.608585E-01 1.358E+00
  9.610871E-01 1.280E+00
  9.611990E-01 1.263E+00
  9.614185E-01 1.331E+00
  9.621427E-01 1.123E+00
  9.622409E-01 1.119E+00
  9.625281E-01 1.300E+00
  9.627136E-01 1.461E+00
  9.628045E-01 1.486E+00
  9.633274E-01 1.399E+00
  9.634934E-01 1.337E+00
  9.636553E-01 1.333E+00
  9.636590E-01 1.355E+00
  9.645167E-01 1.219E+00
  9.645893E-01 1.233E+00
  9.647320E-01 1.365E+00
  9.648022E-01 1.390E+00
  9.653988E-01 1.331E+00
  9.661074E-01 1.212E+00
  9.661624E-01 1.228E+00
  9.662707E-01 1.367E+00
  9.663240E-01 1.392E+00
  9.670155E-01 1.278E+00
  9.673264E-01 1.206E+00
  9.673691E-01 1.223E+00
  9.674532E-01 1.344E+00
  9.675358E-01 1.349E+00
  9.682811E-01 1.200E+00
  9.683149E-01 1.215E+00
  9.683816E-01 1.323E+00
  9.684471E-01 1.345E+00
  9.686367E-01 1.352E+00
  9.688458E-01 1.455E+00
  9.689317E-01 1.551E+00
  9.690154E-01 1.721E+00
  9.690700E-01 1.913E+00
  9.690970E-01 2.071E+00
  9.691502E-01 2.525E+00
  9.691766E-01 2.806E+00
  9.692026E-01 3.151E+00
  9.692285E-01 3.584E+00
  9.692542E-01 4.127E+00
  9.692796E-01 4.799E+00
  9.693548E-01 7.411E+00
  9.693794E-01 8.154E+00
  9.694039E-01 8.544E+00
  9.694281E-01 8.475E+00
  9.694522E-01 8.007E+00
  9.695465E-01 5.105E+00
  9.695925E-01 4.062E+00
  9.696378E-01 3.335E+00
  9.696602E-01 3.071E+00
  9.696824E-01 2.891E+00
  9.697263E-01 2.777E+00
  9.698332E-01 2.225E+00
  9.699158E-01 1.961E+00
  9.700736E-01 1.644E+00
  9.701676E-01 1.512E+00
  9.701859E-01 1.522E+00
  9.702223E-01 1.650E+00
  9.702581E-01 1.640E+00
  9.703795E-01 1.496E+00
  9.705896E-01 1.308E+00
  9.706049E-01 1.325E+00
  9.706354E-01 1.456E+00
  9.706504E-01 1.474E+00
  9.709443E-01 1.232E+00
  9.709573E-01 1.249E+00
  9.709831E-01 1.379E+00
  9.709958E-01 1.399E+00
  9.712454E-01 1.191E+00
  9.712565E-01 1.207E+00
  9.712785E-01 1.334E+00
  9.712894E-01 1.356E+00
  9.715032E-01 1.161E+00
  9.715127E-01 1.176E+00
  9.715316E-01 1.302E+00
  9.715409E-01 1.325E+00
  9.716228E-01 1.235E+00
  9.716491E-01 1.234E+00
  9.717255E-01 1.144E+00
  9.717337E-01 1.159E+00
  9.717501E-01 1.284E+00
  9.717582E-01 1.307E+00
  9.718215E-01 1.226E+00
  9.718445E-01 1.245E+00
  9.719186E-01 1.142E+00
  9.719258E-01 1.157E+00
  9.719400E-01 1.281E+00
  9.719471E-01 1.306E+00
  9.720024E-01 1.235E+00
  9.720158E-01 1.262E+00
  9.720874E-01 1.149E+00
  9.720937E-01 1.164E+00
  9.721062E-01 1.287E+00
  9.721124E-01 1.313E+00
  9.721609E-01 1.248E+00
  9.721728E-01 1.274E+00
  9.722302E-01 1.161E+00
  9.722413E-01 1.170E+00
  9.722523E-01 1.292E+00
  9.722578E-01 1.319E+00
  9.723007E-01 1.258E+00
  9.723111E-01 1.279E+00
  9.723619E-01 1.165E+00
  9.723718E-01 1.173E+00
  9.723816E-01 1.295E+00
  9.723865E-01 1.322E+00
  9.724245E-01 1.262E+00
  9.724338E-01 1.280E+00
  9.724790E-01 1.166E+00
  9.724878E-01 1.174E+00
  9.724965E-01 1.295E+00
  9.725008E-01 1.323E+00
  9.725347E-01 1.264E+00
  9.725430E-01 1.278E+00
  9.725834E-01 1.167E+00
  9.725912E-01 1.173E+00
  9.725990E-01 1.294E+00
  9.726029E-01 1.323E+00
  9.726332E-01 1.264E+00
  9.726407E-01 1.277E+00
  9.726769E-01 1.166E+00
  9.726839E-01 1.172E+00
  9.726909E-01 1.293E+00
  9.726944E-01 1.322E+00
  9.727217E-01 1.263E+00
  9.727284E-01 1.274E+00
  9.727610E-01 1.165E+00
  9.727673E-01 1.171E+00
  9.727736E-01 1.291E+00
  9.727768E-01 1.321E+00
  9.728014E-01 1.262E+00
  9.728104E-01 1.258E+00
  9.728397E-01 1.159E+00
  9.728426E-01 1.170E+00
  9.728483E-01 1.290E+00
  9.728511E-01 1.320E+00
  9.728816E-01 1.256E+00
  9.729082E-01 1.158E+00
  9.729108E-01 1.168E+00
  9.729160E-01 1.288E+00
  9.729186E-01 1.318E+00
  9.729388E-01 1.260E+00
  9.729438E-01 1.269E+00
  9.729680E-01 1.163E+00
  9.729728E-01 1.167E+00
  9.729775E-01 1.286E+00
  9.729798E-01 1.317E+00
  9.730050E-01 1.253E+00
  9.730271E-01 1.156E+00
  9.730293E-01 1.166E+00
  9.730336E-01 1.284E+00
  9.730357E-01 1.316E+00
  9.730587E-01 1.252E+00
  9.730789E-01 1.155E+00
  9.730809E-01 1.165E+00
  9.730829E-01 1.213E+00
  9.730848E-01 1.283E+00
  9.730868E-01 1.315E+00
  9.731079E-01 1.250E+00
  9.731264E-01 1.154E+00
  9.731282E-01 1.163E+00
  9.731318E-01 1.281E+00
  9.731336E-01 1.314E+00
  9.731530E-01 1.249E+00
  9.731700E-01 1.153E+00
  9.731716E-01 1.162E+00
  9.731750E-01 1.280E+00
  9.731766E-01 1.313E+00
  9.731944E-01 1.248E+00
  9.732101E-01 1.152E+00
  9.732116E-01 1.161E+00
  9.732132E-01 1.208E+00
  9.732147E-01 1.279E+00
  9.732162E-01 1.312E+00
  9.732327E-01 1.248E+00
  9.732471E-01 1.152E+00
  9.732486E-01 1.160E+00
  9.732514E-01 1.277E+00
  9.732528E-01 1.312E+00
  9.732680E-01 1.247E+00
  9.732814E-01 1.151E+00
  9.732827E-01 1.160E+00
  9.732840E-01 1.205E+00
  9.732853E-01 1.276E+00
  9.732866E-01 1.311E+00
  9.733007E-01 1.246E+00
  9.733131E-01 1.151E+00
  9.733143E-01 1.159E+00
  9.733156E-01 1.204E+00
  9.733168E-01 1.275E+00
  9.733180E-01 1.310E+00
  9.733311E-01 1.246E+00
  9.733426E-01 1.150E+00
  9.733437E-01 1.158E+00
  9.733460E-01 1.274E+00
  9.733471E-01 1.310E+00
  9.733593E-01 1.245E+00
  9.733700E-01 1.150E+00
  9.733710E-01 1.157E+00
  9.733721E-01 1.202E+00
  9.733731E-01 1.273E+00
  9.733742E-01 1.309E+00
  9.733855E-01 1.245E+00
  9.733955E-01 1.149E+00
  9.733965E-01 1.157E+00
  9.733975E-01 1.201E+00
  9.733984E-01 1.272E+00
  9.733994E-01 1.309E+00
  9.734100E-01 1.244E+00
  9.734193E-01 1.149E+00
  9.734202E-01 1.156E+00
  9.734211E-01 1.199E+00
  9.734220E-01 1.270E+00
  9.734230E-01 1.308E+00
  9.734328E-01 1.244E+00
  9.734415E-01 1.149E+00
  9.734424E-01 1.155E+00
  9.734433E-01 1.198E+00
  9.734441E-01 1.269E+00
  9.734450E-01 1.308E+00
  9.734542E-01 1.244E+00
  9.734624E-01 1.148E+00
  9.734632E-01 1.155E+00
  9.734640E-01 1.197E+00
  9.734648E-01 1.269E+00
  9.734656E-01 1.307E+00
  9.734742E-01 1.243E+00
  9.734819E-01 1.148E+00
  9.734826E-01 1.154E+00
  9.734834E-01 1.196E+00
  9.734841E-01 1.268E+00
  9.734849E-01 1.307E+00
  9.734930E-01 1.243E+00
  9.735002E-01 1.148E+00
  9.735009E-01 1.154E+00
  9.735016E-01 1.195E+00
  9.735023E-01 1.267E+00
  9.735030E-01 1.306E+00
  9.735113E-01 1.228E+00
  9.735174E-01 1.148E+00
  9.735181E-01 1.153E+00
  9.735188E-01 1.194E+00
  9.735194E-01 1.266E+00
  9.735201E-01 1.306E+00
  9.735273E-01 1.243E+00
  9.735336E-01 1.147E+00
  9.735342E-01 1.153E+00
  9.735349E-01 1.194E+00
  9.735355E-01 1.265E+00
  9.735361E-01 1.305E+00
  9.735429E-01 1.242E+00
  9.735489E-01 1.147E+00
  9.735495E-01 1.152E+00
  9.735501E-01 1.193E+00
  9.735512E-01 1.305E+00
  9.735565E-01 1.250E+00
  9.735633E-01 1.147E+00
  9.735638E-01 1.152E+00
  9.735644E-01 1.192E+00
  9.735649E-01 1.263E+00
  9.735655E-01 1.305E+00
  9.735721E-01 1.227E+00
  9.735769E-01 1.147E+00
  9.735774E-01 1.152E+00
  9.735779E-01 1.191E+00
  9.735784E-01 1.262E+00
  9.735790E-01 1.304E+00
  9.735836E-01 1.250E+00
  9.735897E-01 1.147E+00
  9.735902E-01 1.151E+00
  9.735907E-01 1.190E+00
  9.735912E-01 1.261E+00
  9.735917E-01 1.304E+00
  9.736023E-01 1.151E+00
  9.736028E-01 1.189E+00
  9.736033E-01 1.261E+00
  9.736038E-01 1.304E+00
  9.736138E-01 1.151E+00
  9.736143E-01 1.188E+00
  9.736147E-01 1.260E+00
  9.736152E-01 1.303E+00
  9.736247E-01 1.150E+00
  9.736252E-01 1.188E+00
  9.736256E-01 1.259E+00
  9.736260E-01 1.303E+00
  9.736298E-01 1.249E+00
  9.736347E-01 1.146E+00
  9.736351E-01 1.150E+00
  9.736355E-01 1.187E+00
  9.736359E-01 1.258E+00
  9.736363E-01 1.303E+00
  9.736449E-01 1.150E+00
  9.736453E-01 1.186E+00
  9.736460E-01 1.303E+00
  9.736542E-01 1.149E+00
  9.736546E-01 1.185E+00
  9.736553E-01 1.302E+00
  9.736585E-01 1.227E+00
  9.752161E-01 1.207E+00
  9.780894E-01 1.068E+00
  9.786695E-01 1.107E+00
  9.802543E-01 1.097E+00
  9.821948E-01 9.946E-01
  9.827221E-01 1.034E+00
  9.836927E-01 1.044E+00
  9.843548E-01 1.029E+00
  9.851605E-01 1.063E+00
  9.858014E-01 1.221E+00
  9.862264E-01 1.404E+00
  9.864760E-01 1.591E+00
  9.876048E-01 7.333E+00
  9.887019E-01 4.562E+01
  9.897684E-01 6.337E+00
  9.908055E-01 3.886E+00
  9.918143E-01 4.949E+00
  9.927958E-01 5.619E+01
  9.937509E-01 4.713E+00
  9.946806E-01 2.689E+00
  9.955858E-01 2.182E+00
  9.964760E-01 1.952E+00
  9.973488E-01 1.835E+00
  9.981988E-01 1.780E+00
  9.990268E-01 1.591E+00
  1.001386E+00 1.465E+00
  1.002133E+00 1.473E+00
  1.002862E+00 1.525E+00
  1.003573E+00 1.522E+00
  1.004266E+00 1.489E+00
  1.004943E+00 1.413E+00
  1.011928E+00 1.287E+00
  1.012918E+00 1.245E+00
  1.015213E+00 1.238E+00
  1.016477E+00 1.312E+00
  1.016881E+00 1.412E+00
  1.017278E+00 1.738E+00
  1.017666E+00 3.406E+00
  1.018046E+00 4.716E+01
  1.018419E+00 6.389E+00
  1.018784E+00 2.583E+00
  1.019143E+00 1.880E+00
  1.019494E+00 1.613E+00
  1.019839E+00 1.476E+00
  1.020176E+00 1.410E+00
  1.020508E+00 1.728E+00
  1.020833E+00 1.378E+00
  1.021152E+00 1.263E+00
  1.021772E+00 1.214E+00
  1.022660E+00 1.202E+00
  1.023225E+00 1.265E+00
  1.023770E+00 1.239E+00
  1.024036E+00 1.293E+00
  1.024296E+00 1.444E+00
  1.024552E+00 1.274E+00
  1.024804E+00 1.427E+00
  1.025051E+00 1.260E+00
  1.025294E+00 1.209E+00
  1.027095E+00 1.140E+00
  1.027304E+00 1.165E+00
  1.027509E+00 1.130E+00
  1.029731E+00 1.117E+00
  1.030225E+00 1.148E+00
  1.030541E+00 1.218E+00
  1.030696E+00 1.298E+00
  1.030849E+00 1.454E+00
  1.030999E+00 1.808E+00
  1.031147E+00 2.834E+00
  1.031293E+00 7.738E+00
  1.031437E+00 5.170E+01
  1.031579E+00 1.064E+01
  1.031719E+00 3.952E+00
  1.031856E+00 2.493E+00
  1.031992E+00 1.949E+00
  1.032126E+00 1.686E+00
  1.032258E+00 1.538E+00
  1.032388E+00 1.448E+00
  1.032516E+00 1.392E+00
  1.032643E+00 1.373E+00
  1.032768E+00 1.485E+00
  1.032891E+00 1.294E+00
  1.033012E+00 1.189E+00
  1.035577E+00 1.099E+00
  1.037632E+00 1.073E+00
  1.038447E+00 1.094E+00
  1.038709E+00 1.126E+00
  1.038966E+00 1.251E+00
  1.039219E+00 2.582E+00
  1.039467E+00 8.909E+00
  1.039711E+00 1.932E+00
  1.039951E+00 1.544E+00
  1.040187E+00 1.635E+00
  1.040419E+00 1.389E+00
  1.040647E+00 1.492E+00
  1.040871E+00 1.684E+00
  1.041091E+00 2.018E+00
  1.041308E+00 1.718E+00
  1.041521E+00 8.777E-01
  1.041731E+00 7.256E-01
  1.042729E+00 7.938E-01
  1.043826E+00 8.080E-01
  1.043999E+00 8.481E-01
  1.044169E+00 1.092E+00
  1.044337E+00 4.976E+00
  1.044502E+00 1.011E+01
  1.044665E+00 4.301E+00
  1.044825E+00 1.365E+00
  1.044983E+00 1.046E+00
  1.045139E+00 8.789E-01
  1.045292E+00 8.510E-01
  1.045443E+00 1.010E+00
  1.045592E+00 8.615E-01
  1.045738E+00 8.368E-01
  1.046025E+00 8.338E-01
  1.046172E+00 8.602E-01
  1.046308E+00 9.301E-01
  1.046443E+00 1.085E+00
  1.046576E+00 1.208E+00
  1.046836E+00 1.012E+00
  1.046963E+00 1.022E+00
  1.047088E+00 1.135E+00
  1.047212E+00 1.415E+00
  1.047334E+00 2.088E+00
  1.047454E+00 4.081E+00
  1.047573E+00 1.378E+01
  1.047691E+00 2.554E+01
  1.047806E+00 2.875E+01
  1.047920E+00 8.661E+01
  1.048033E+00 1.827E+01
  1.048144E+00 8.246E+00
  1.048254E+00 5.184E+00
  1.048362E+00 4.014E+00
  1.048469E+00 6.019E+00
  1.048574E+00 2.897E+00
  1.048678E+00 2.799E+00
  1.048781E+00 3.892E+00
  1.048882E+00 5.259E+00
  1.048982E+00 4.388E+00
  1.049081E+00 3.419E+00
  1.049179E+00 2.850E+00
  1.049275E+00 2.505E+00
  1.049370E+00 2.277E+00
  1.049557E+00 1.995E+00
  1.049829E+00 1.773E+00
  1.050004E+00 1.698E+00
  1.050090E+00 1.688E+00
  1.050176E+00 1.729E+00
  1.050260E+00 2.002E+00
  1.050343E+00 6.490E+00
  1.050425E+00 5.100E+00
  1.050506E+00 2.079E+00
  1.050586E+00 1.758E+00
  1.050666E+00 1.400E+00
  1.050669E+00 2.486E+00
  1.051826E+00 2.337E+00
  1.053468E+00 2.218E+00
  1.053992E+00 2.140E+00
  1.061063E+00 1.997E+00
  1.061448E+00 2.263E+00
  1.061826E+00 2.005E+00
  1.068791E+00 1.903E+00
  1.069032E+00 1.937E+00
  1.069270E+00 1.906E+00
  1.069733E+00 1.959E+00
  1.072758E+00 1.692E+00
  1.072935E+00 1.736E+00
  1.073109E+00 1.991E+00
  1.073281E+00 4.022E+00
  1.073450E+00 3.147E+01
  1.073616E+00 1.239E+01
  1.073780E+00 4.578E+00
  1.073941E+00 3.239E+00
  1.074100E+00 4.035E+00
  1.074257E+00 2.980E+00
  1.074411E+00 2.689E+00
  1.074563E+00 2.537E+00
  1.074860E+00 2.372E+00
  1.075429E+00 2.238E+00
  1.076097E+00 2.195E+00
  1.076224E+00 2.272E+00
  1.076350E+00 2.144E+00
  1.077186E+00 2.168E+00
  1.077299E+00 2.308E+00
  1.077411E+00 2.232E+00
  1.077629E+00 2.169E+00
  1.078050E+00 2.211E+00
  1.078351E+00 2.297E+00
  1.078449E+00 2.375E+00
  1.078545E+00 2.516E+00
  1.078641E+00 2.778E+00
  1.078735E+00 2.713E+00
  1.078828E+00 1.873E+00
  1.078920E+00 1.740E+00
  1.079362E+00 1.849E+00
  1.079615E+00 1.866E+00
  1.079778E+00 1.917E+00
  1.079867E+00 1.887E+00
  1.080271E+00 1.884E+00
  1.080667E+00 1.940E+00
  1.081055E+00 1.874E+00
  1.083899E+00 1.843E+00
  1.084224E+00 1.793E+00
  1.086056E+00 1.738E+00
  1.086342E+00 1.682E+00
  1.086623E+00 1.705E+00
  1.086898E+00 1.436E+01
  1.087170E+00 4.400E+00
  1.087436E+00 2.646E+00
  1.087697E+00 2.313E+00
  1.087955E+00 2.180E+00
  1.088207E+00 2.110E+00
  1.088456E+00 2.103E+00
  1.088700E+00 2.022E+00
  1.090308E+00 1.953E+00
  1.091548E+00 1.967E+00
  1.092310E+00 1.883E+00
  1.093197E+00 1.836E+00
  1.093698E+00 1.853E+00
  1.094634E+00 1.657E+00
  1.094782E+00 1.872E+00
  1.094928E+00 2.664E+01
  1.095072E+00 4.142E+00
  1.095214E+00 2.693E+00
  1.095353E+00 2.360E+00
  1.095491E+00 2.221E+00
  1.095761E+00 2.110E+00
  1.095893E+00 2.105E+00
  1.096023E+00 2.039E+00
  1.096526E+00 2.051E+00
  1.096648E+00 2.099E+00
  1.096767E+00 2.247E+00
  1.096886E+00 2.670E+00
  1.097002E+00 1.689E+00
  1.097231E+00 1.791E+00
  1.097985E+00 1.839E+00
  1.098087E+00 1.919E+00
  1.098188E+00 1.794E+00
  1.098673E+00 1.867E+00
  1.098859E+00 1.813E+00
  1.099040E+00 1.835E+00
  1.099640E+00 1.743E+00
  1.099802E+00 1.682E+00
  1.099888E+00 1.787E+00
  1.100055E+00 2.923E+01
  1.100219E+00 2.750E+00
  1.100381E+00 2.219E+00
  1.100540E+00 2.083E+00
  1.100697E+00 1.997E+00
  1.103042E+00 1.753E+00
  1.103401E+00 1.660E+00
  1.103517E+00 2.353E+01
  1.103632E+00 2.837E+00
  1.103745E+00 2.254E+00
  1.103857E+00 2.135E+00
  1.104076E+00 2.017E+00
  1.104598E+00 1.887E+00
  1.105548E+00 1.828E+00
  1.105811E+00 1.684E+00
  1.105896E+00 1.669E+00
  1.105980E+00 1.586E+01
  1.106064E+00 2.988E+00
  1.106146E+00 2.267E+00
  1.106227E+00 2.112E+00
  1.106308E+00 2.006E+00
  1.106387E+00 2.102E+00
  1.106844E+00 2.133E+00
  1.106990E+00 2.238E+00
  1.107061E+00 2.484E+00
  1.107132E+00 2.166E+00
  1.107201E+00 1.900E+00
  1.107473E+00 2.059E+00
  1.107604E+00 2.047E+00
  1.107668E+00 2.076E+00
  1.107732E+00 2.162E+00
  1.107795E+00 4.347E+00
  1.107858E+00 2.472E+00
  1.107919E+00 2.023E+00
  1.107980E+00 2.007E+00
  1.108041E+00 2.110E+00
  1.108101E+00 2.002E+00
  1.109073E+00 2.051E+00
  1.109122E+00 2.080E+00
  1.109171E+00 3.506E+00
  1.109219E+00 2.491E+00
  1.109266E+00 2.145E+00
  1.109313E+00 2.086E+00
  1.109883E+00 2.035E+00
  1.109888E+00 2.343E+00
  1.110142E+00 2.378E+00
  1.110545E+00 2.341E+00
  1.111815E+00 2.349E+00
  1.111940E+00 2.397E+00
  1.112184E+00 2.342E+00
  1.113208E+00 2.414E+00
  1.113305E+00 2.493E+00
  1.113352E+00 2.624E+00
  1.113399E+00 2.877E+00
  1.113446E+00 2.454E+00
  1.113492E+00 2.265E+00
  1.113887E+00 2.366E+00
  1.113929E+00 2.422E+00
  1.113971E+00 2.257E+00
  1.114172E+00 2.331E+00
  1.114288E+00 2.328E+00
  1.114364E+00 2.393E+00
  1.114475E+00 2.313E+00
  1.115143E+00 2.329E+00
  1.115203E+00 2.382E+00
  1.115262E+00 2.317E+00
  1.115830E+00 2.321E+00
  1.115879E+00 2.377E+00
  1.115927E+00 2.314E+00
  1.116394E+00 2.320E+00
  1.116434E+00 2.370E+00
  1.116590E+00 2.281E+00
  1.117146E+00 2.268E+00
  1.117291E+00 2.335E+00
  1.117319E+00 2.403E+00
  1.117503E+00 2.413E+00
  1.117553E+00 2.480E+00
  1.117577E+00 2.594E+00
  1.117589E+00 2.739E+00
  1.117601E+00 3.038E+00
  1.117613E+00 3.079E+00
  1.117625E+00 2.379E+00
  1.117637E+00 2.229E+00
  1.117868E+00 2.332E+00
  1.117888E+00 2.430E+00
  1.117908E+00 2.347E+00
  1.117958E+00 2.388E+00
  1.117968E+00 2.473E+00
  1.117977E+00 2.651E+00
  1.117987E+00 2.240E+00
  1.118071E+00 2.341E+00
  1.118107E+00 2.314E+00
  1.118124E+00 2.396E+00
  1.118142E+00 2.320E+00
  1.118314E+00 2.338E+00
  1.118329E+00 2.438E+00
  1.118344E+00 2.339E+00
  1.118488E+00 2.316E+00
  1.118508E+00 2.425E+00
  1.118514E+00 2.350E+00
  1.118598E+00 2.319E+00
  1.118647E+00 2.348E+00
  1.118658E+00 2.431E+00
  1.118676E+00 2.342E+00
  1.118792E+00 2.332E+00
  1.118802E+00 2.407E+00
  1.118813E+00 2.330E+00
  1.118911E+00 2.328E+00
  1.118920E+00 2.413E+00
  1.118934E+00 2.325E+00
  1.119017E+00 2.333E+00
  1.119030E+00 2.396E+00
  1.119042E+00 2.326E+00
  1.119124E+00 2.344E+00
  1.119127E+00 2.410E+00
  1.119142E+00 2.319E+00
  1.119209E+00 2.333E+00
  1.119215E+00 2.416E+00
  1.119225E+00 2.325E+00
  1.119292E+00 2.326E+00
  1.119298E+00 2.396E+00
  1.119304E+00 2.326E+00
  1.119364E+00 2.354E+00
  1.119366E+00 2.418E+00
  1.119374E+00 2.327E+00
  1.119426E+00 2.340E+00
  1.119431E+00 2.417E+00
  1.119439E+00 2.328E+00
  1.119488E+00 2.336E+00
  1.119493E+00 2.390E+00
  1.119497E+00 2.330E+00
  1.119534E+00 2.333E+00
  1.119538E+00 2.372E+00
  1.119546E+00 2.324E+00
  1.119553E+00 2.351E+00
  1.119578E+00 2.320E+00
  1.119592E+00 2.345E+00
  1.119594E+00 2.401E+00
  1.119596E+00 2.406E+00
  1.119601E+00 2.333E+00
  1.119636E+00 2.354E+00
  1.119639E+00 2.411E+00
  1.119648E+00 2.332E+00
  1.119679E+00 2.350E+00
  1.119682E+00 2.433E+00
  1.119686E+00 2.357E+00
  1.119689E+00 2.386E+00
  1.119690E+00 2.319E+00
  1.119718E+00 2.372E+00
  1.119719E+00 2.436E+00
  1.119721E+00 2.426E+00
  1.119722E+00 2.375E+00
  1.119739E+00 2.340E+00
  1.119752E+00 2.365E+00
  1.119755E+00 2.451E+00
  1.119757E+00 2.378E+00
  1.119775E+00 2.345E+00
  1.119785E+00 2.379E+00
  1.119788E+00 2.448E+00
  1.119791E+00 2.353E+00
  1.119817E+00 2.352E+00
  1.119819E+00 2.414E+00
  1.119820E+00 2.362E+00
  1.119842E+00 2.331E+00
  1.119845E+00 2.361E+00
  1.119846E+00 2.417E+00
  1.119848E+00 2.405E+00
  1.119850E+00 2.333E+00
  1.119871E+00 2.341E+00
  1.119873E+00 2.420E+00
  1.119876E+00 2.328E+00
  1.119895E+00 2.344E+00
  1.119897E+00 2.420E+00
  1.119900E+00 2.327E+00
  1.119919E+00 2.352E+00
  1.119920E+00 2.418E+00
  1.119923E+00 2.328E+00
  1.119943E+00 2.375E+00
  1.119944E+00 2.329E+00
  1.119961E+00 2.337E+00
  1.119963E+00 2.417E+00
  1.119964E+00 2.329E+00
  1.119979E+00 2.333E+00
  1.119981E+00 2.407E+00
  1.119982E+00 2.393E+00
  1.119983E+00 2.327E+00
  1.120009E+00 2.318E+00
  1.120015E+00 2.414E+00
  1.120022E+00 2.317E+00
  1.120040E+00 2.320E+00
  1.120046E+00 2.411E+00
  1.120051E+00 2.319E+00
  1.120073E+00 2.350E+00
  1.120092E+00 2.314E+00
  1.120097E+00 2.388E+00
  1.120102E+00 2.314E+00
  1.120115E+00 2.317E+00
  1.120119E+00 2.400E+00
  1.120123E+00 2.318E+00
  1.120135E+00 2.319E+00
  1.120138E+00 2.405E+00
  1.120142E+00 2.317E+00
  1.120153E+00 2.322E+00
  1.120156E+00 2.406E+00
  1.120160E+00 2.320E+00
  1.120169E+00 2.332E+00
  1.120172E+00 2.377E+00
  1.120184E+00 2.313E+00
  1.120187E+00 2.347E+00
  1.120198E+00 2.318E+00
  1.120200E+00 2.374E+00
  1.120203E+00 2.318E+00
  1.120210E+00 2.320E+00
  1.120213E+00 2.384E+00
  1.120215E+00 2.319E+00
  1.120222E+00 2.322E+00
  1.120224E+00 2.389E+00
  1.120226E+00 2.321E+00
  1.120232E+00 2.323E+00
  1.120234E+00 2.392E+00
  1.120236E+00 2.322E+00
  1.120242E+00 2.325E+00
  1.120244E+00 2.396E+00
  1.120246E+00 2.323E+00
  1.120251E+00 2.328E+00
  1.120253E+00 2.399E+00
  1.120254E+00 2.325E+00
  1.120259E+00 2.331E+00
  1.120261E+00 2.400E+00
  1.120262E+00 2.328E+00
  1.120267E+00 2.341E+00
  1.120268E+00 2.382E+00
  1.120270E+00 2.340E+00
  1.120271E+00 2.370E+00
  1.120278E+00 2.316E+00
  1.120287E+00 2.323E+00
  1.120288E+00 2.352E+00
  1.120293E+00 2.325E+00
  1.120294E+00 2.360E+00
  1.120298E+00 2.327E+00
  1.120299E+00 2.365E+00
  1.120303E+00 2.328E+00
  1.120304E+00 2.368E+00
  1.120305E+00 2.327E+00
  1.120308E+00 2.330E+00
  1.120309E+00 2.370E+00
  1.120310E+00 2.328E+00
  1.120317E+00 2.332E+00
  1.120318E+00 2.374E+00
  1.120324E+00 2.335E+00
  1.120325E+00 2.377E+00
  1.120326E+00 2.332E+00
  1.120328E+00 2.335E+00
  1.120329E+00 2.378E+00
  1.120331E+00 2.337E+00
  1.120332E+00 2.379E+00
  1.120334E+00 2.338E+00
  1.120335E+00 2.381E+00
  1.120336E+00 2.334E+00
  1.120338E+00 2.383E+00
  1.120340E+00 2.340E+00
  1.120341E+00 2.385E+00
  1.120344E+00 2.337E+00
  1.120346E+00 2.389E+00
  1.120350E+00 2.343E+00
  1.120351E+00 2.395E+00
  1.120352E+00 2.344E+00
  1.120353E+00 2.397E+00
  1.120354E+00 2.365E+00
  1.120355E+00 2.396E+00
  1.120358E+00 2.347E+00
  1.120361E+00 2.366E+00
  1.120364E+00 2.334E+00
  1.120365E+00 2.363E+00
  1.120367E+00 2.337E+00
  1.120384E+00 2.347E+00
  1.120385E+00 2.386E+00
  1.120389E+00 2.350E+00
  1.120391E+00 2.416E+00
  1.120392E+00 2.351E+00
  1.120398E+00 2.351E+00
  1.120399E+00 2.433E+00
  1.120400E+00 2.427E+00
  1.120401E+00 2.352E+00
  1.120403E+00 2.356E+00
  1.120404E+00 2.401E+00
  1.120406E+00 2.354E+00
  1.120736E+00 2.279E+00
  1.122549E+00 2.362E+00
  1.122752E+00 2.287E+00
  1.123949E+00 2.321E+00
  1.124162E+00 2.382E+00
  1.124260E+00 2.260E+00
  1.124352E+00 2.443E+00
  1.124439E+00 2.305E+00
  1.125276E+00 2.319E+00
  1.125356E+00 2.363E+00
  1.125394E+00 2.450E+00
  1.125430E+00 2.205E+00
  1.125497E+00 2.286E+00
  1.125529E+00 2.506E+00
  1.125559E+00 2.264E+00
  1.126242E+00 2.336E+00
  1.126329E+00 2.374E+00
  1.126344E+00 2.443E+00
  1.126349E+00 2.505E+00
  1.126354E+00 2.657E+00
  1.126358E+00 3.011E+00
  1.126363E+00 2.243E+00
  1.126367E+00 2.166E+00
  1.126376E+00 2.250E+00
  1.126446E+00 2.342E+00
  1.126449E+00 2.378E+00
  1.126451E+00 2.510E+00
  1.126454E+00 2.324E+00
  1.126457E+00 2.227E+00
  1.126467E+00 2.273E+00
  1.126470E+00 2.320E+00
  1.128101E+00 2.295E+00
  1.128322E+00 2.262E+00
  1.129487E+00 2.309E+00
  1.131790E+00 2.304E+00
  1.131903E+00 2.313E+00
  1.131913E+00 2.284E+00
  1.131954E+00 2.310E+00
  1.131963E+00 2.277E+00
  1.132016E+00 2.303E+00
  1.136566E+00 2.250E+00
  1.142192E+00 2.267E+00
  1.224734E+00 2.144E+00
  1.225571E+00 2.168E+00
  1.225584E+00 2.145E+00
  1.354480E+00 1.589E+00
  1.496932E+00 1.177E+00
  1.654365E+00 8.721E-01
  1.828356E+00 6.461E-01
  2.020646E+00 4.786E-01
  2.233160E+00 3.546E-01
  2.468023E+00 2.627E-01
  2.727587E+00 1.946E-01
  3.014450E+00 1.442E-01
  3.331483E+00 1.068E-01
  3.681858E+00 7.911E-02
  4.069082E+00 5.861E-02
  4.497031E+00 4.342E-02
  4.969988E+00 3.217E-02
  5.492686E+00 2.383E-02
  6.070357E+00 1.765E-02
  6.708782E+00 1.308E-02
  7.414351E+00 9.688E-03
  8.194125E+00 7.177E-03
  9.055909E+00 5.317E-03
  1.000833E+01 3.939E-03
  1.106091E+01 2.918E-03
  1.222420E+01 2.162E-03
  1.350983E+01 1.601E-03
